1	1	1	2
1	2	1	2
2	1	1	2
2	2	1	2
3	2	2	2
4	2	2	2
5	1	3	2
5	2	3	2
6	1	3	2
6	2	3	2
7	1	1	2
7	2	1	2
8	1	1	2
8	2	1	2
9	1	1	2
9	2	1	2
10	1	1	2
10	2	1	2
11	1	1	2
11	2	1	0
12	1	1	2
12	2	1	2
13	1	1	2
13	2	1	2
14	1	1	2
14	2	1	2
15	1	1	2
15	2	1	2
16	1	1	2
16	2	1	2
17	1	1	2
17	2	1	2
18	1	1	2
18	2	1	2
19	1	1	2
19	2	1	2
20	1	1	2
20	2	1	2
21	1	1	2
21	2	1	2
22	2	1	1
22	2	1	1
22	2	1	1
22	1	1	1
22	1	1	1
23	1	1	2
23	2	1	2
24	1	1	2
24	2	1	2
25	1	1	2
25	2	1	2
26	1	1	2
26	2	1	2
27	1	1	2
27	2	1	2
28	1	1	2
28	2	1	2
29	1	1	2
29	2	1	2
30	1	1	2
30	2	1	2
31	1	1	2
31	2	1	2
32	1	1	2
32	2	1	2
33	1	1	2
33	2	1	2
34	1	1	2
34	2	1	2
35	1	1	2
35	2	1	2
36	3	2	2
37	4	2	2
38	4	2	2
39	4	2	2
40	4	2	2
41	4	2	2
42	4	2	2
43	4	2	2
44	4	2	2
45	4	2	2
46	4	2	2
47	4	2	2
48	4	2	2
49	4	2	2
50	4	2	2
51	4	2	2
52	4	2	2
53	4	2	2
54	4	1	2
55	4	1	2
56	4	1	2
57	5	2	2
58	5	2	2
59	5	1	2
60	5	1	2
61	5	1	2
62	5	1	2
63	5	1	2
64	5	1	2
65	5	1	2
66	5	1	2
67	5	1	2
68	5	1	2
69	5	1	2
70	5	1	2
71	5	1	2
72	5	1	2
73	5	1	2
74	5	1	2
75	5	1	2
76	5	1	2
77	5	1	1
78	5	1	2
79	5	1	2
80	5	1	2
81	5	1	2
82	5	1	2
83	5	1	2
84	5	1	2
85	5	1	2
86	5	1	2
87	5	1	2
88	5	1	2
89	5	1	2
90	5	1	2
91	5	1	2
92	5	1	2
93	5	1	2
94	6	1	0
95	6	1	0
96	6	1	0
97	6	1	0
98	6	1	1
99	6	1	0
100	6	1	1
101	6	1	0
102	6	1	0
103	6	1	0
104	6	1	0
105	6	1	1
106	6	1	1
107	6	1	1
108	6	1	0
109	6	1	0
110	6	1	0
111	6	1	0
112	6	1	1
113	6	1	1
114	6	1	1
115	6	1	1
116	6	1	1
117	6	1	0
118	6	1	1
118	6	1	1
119	6	1	1
120	6	1	1
121	6	1	1
122	6	1	1
123	6	1	0
124	6	1	0
125	6	1	1
126	6	2	0
127	6	2	0
128	7	2	2
128	8	2	2
128	9	2	2
129	7	2	2
129	8	2	2
129	9	2	2
130	7	2	2
130	8	2	2
130	9	2	2
131	7	2	2
131	8	2	2
131	9	2	2
132	7	2	2
132	8	2	2
132	9	2	2
133	7	2	2
133	8	2	2
133	9	2	2
134	7	2	2
134	8	2	2
134	9	2	2
135	7	2	2
135	8	2	2
135	9	2	2
136	7	2	2
136	8	2	2
136	9	2	2
137	7	2	2
137	8	2	2
137	9	2	2
138	7	2	2
138	8	2	2
138	9	2	2
139	7	2	2
139	8	2	2
139	9	2	2
140	7	2	2
140	8	2	2
140	9	2	2
141	7	2	2
141	8	2	2
141	9	2	2
142	7	2	2
142	8	2	2
142	9	2	2
142	7	2	2
142	8	2	2
142	9	2	2
142	7	2	2
142	8	2	2
142	9	2	2
143	7	2	2
143	8	2	2
143	9	2	2
144	7	2	2
144	8	2	2
144	9	2	2
145	7	2	2
145	8	2	2
145	9	2	2
146	9	2	0
147	9	2	0
148	9	2	0
149	9	2	0
150	9	2	0
151	9	1	0
152	9	1	0
153	9	1	0
154	9	1	0
155	9	1	0
156	10	2	2
157	7	2	2
157	8	2	2
157	9	2	2
158	7	2	2
158	8	2	2
158	9	2	2
159	7	2	2
159	8	2	2
159	9	2	2
160	7	2	2
160	8	2	2
160	9	2	2
161	7	2	2
161	8	2	2
161	9	2	2
162	7	2	2
162	8	2	2
162	9	2	2
163	7	2	2
163	8	2	2
163	9	2	2
164	7	2	2
164	8	2	2
164	9	2	2
165	7	2	2
165	8	2	2
165	9	2	2
166	7	2	2
166	8	2	2
166	9	2	2
167	7	2	2
167	8	2	2
167	9	2	2
168	11	2	2
169	11	1	2
170	11	4	2
171	11	2	2
172	11	4	2
173	12	1	2
174	12	1	0
175	12	1	2
176	12	1	2
177	12	1	2
178	12	1	2
179	12	1	2
180	12	1	2
181	13	1	1
181	14	1	1
182	13	1	1
182	14	1	1
183	15	1	2
183	15	1	2
183	14	1	2
183	16	1	2
183	13	1	0
183	13	1	0
183	14	1	0
184	13	1	1
184	14	1	0
185	13	1	0
185	14	1	1
186	13	1	0
186	14	1	0
187	13	1	0
187	14	1	0
188	13	1	0
188	14	1	0
189	17	2	2
189	18	2	2
190	18	2	2
191	18	2	2
192	18	2	2
193	18	2	2
194	7	2	2
194	8	2	2
194	9	2	2
195	19	1	2
196	19	1	1
197	19	1	1
198	19	1	2
199	19	1	2
200	19	1	0
201	19	1	1
202	19	1	1
203	19	1	0
204	19	1	0
205	20	2	2
206	20	2	2
207	20	2	2
208	9	4	1
209	9	1	1
210	20	2	2
211	20	2	2
212	20	2	0
213	20	2	0
214	20	2	0
215	20	2	1
216	20	2	1
217	20	2	1
218	20	2	1
219	20	2	1
220	20	2	1
221	20	5	2
221	20	5	0
222	20	5	2
223	21	2	2
224	21	2	2
225	22	2	2
226	22	2	2
227	22	2	0
227	22	2	1
228	22	2	2
229	7	1	2
229	8	1	2
229	9	1	2
230	7	1	0
230	8	1	0
230	9	1	2
231	9	2	2
232	9	2	2
233	9	2	2
234	9	2	2
235	23	2	2
236	23	2	0
237	23	2	2
238	23	2	2
239	17	2	2
239	17	2	2
239	18	2	2
239	18	2	2
239	24	2	2
239	17	2	0
239	17	2	0
239	18	2	2
239	18	2	2
240	18	2	2
240	18	2	2
240	25	2	2
240	17	2	2
240	24	2	2
240	26	2	2
240	27	2	2
240	28	2	2
240	29	2	2
241	20	2	2
242	30	2	2
242	20	2	2
243	20	2	2
244	20	2	2
245	20	2	2
246	20	2	2
247	20	4	2
248	20	4	2
249	20	4	2
250	20	4	2
251	20	2	2
252	20	2	2
253	20	2	2
254	20	2	2
255	6	1	0
256	6	1	0
257	6	1	1
258	31	2	2
259	21	1	2
260	21	1	2
261	21	1	2
262	21	1	2
263	21	1	2
264	21	1	2
265	32	1	1
266	32	1	1
267	32	1	1
268	32	1	1
269	32	1	1
270	32	1	1
271	32	2	1
272	32	2	1
273	32	2	1
274	33	1	2
275	34	1	2
275	35	1	1
276	35	1	1
277	35	1	0
278	35	1	2
279	3	2	2
280	20	2	1
281	20	2	1
282	20	2	1
283	20	2	1
283	20	2	1
283	30	2	1
284	20	2	1
285	15	2	2
285	16	2	2
285	36	2	2
285	14	2	1
286	37	2	2
287	37	2	2
288	37	2	2
289	37	2	2
290	37	2	2
291	37	2	2
292	37	2	2
293	37	2	2
294	38	2	2
294	39	2	2
295	39	2	2
296	12	2	2
297	12	2	2
298	12	2	2
299	12	2	2
300	12	2	2
301	12	2	2
302	12	2	2
303	37	2	2
304	40	2	2
305	40	2	2
306	40	2	2
307	40	2	2
308	40	2	2
309	40	2	2
310	9	1	2
310	9	1	2
311	9	1	2
312	9	1	2
313	9	1	2
314	9	1	2
315	9	1	2
316	41	2	2
317	41	2	2
318	41	2	2
319	41	2	2
320	41	1	2
321	41	1	2
321	41	1	0
322	41	1	2
323	41	1	2
324	41	2	2
325	41	2	2
325	41	2	2
326	41	2	2
327	41	2	2
328	7	1	2
328	8	1	2
328	9	1	2
328	7	1	2
328	8	1	2
328	9	1	2
329	7	2	2
329	8	2	2
329	7	2	2
329	8	2	2
329	9	2	2
329	7	2	1
329	8	2	1
329	9	2	2
329	9	2	2
329	9	2	1
330	7	2	2
330	8	2	2
330	7	2	2
330	8	2	2
330	9	2	2
330	7	2	2
330	8	2	2
330	9	2	2
330	7	2	2
330	8	2	2
330	9	2	2
330	9	2	0
330	9	2	0
330	9	2	2
330	9	2	0
331	42	2	2
332	42	2	2
333	19	1	1
334	16	1	1
334	16	1	2
335	7	1	2
335	8	1	2
335	9	1	2
335	7	1	2
335	8	1	2
335	9	1	2
335	7	1	2
335	8	1	2
335	9	1	2
335	7	1	2
335	8	1	2
335	9	1	2
335	7	1	2
335	8	1	2
335	9	1	2
335	7	1	1
335	8	1	1
335	9	1	1
336	7	1	0
336	8	1	0
336	9	1	1
337	7	1	2
337	8	1	2
337	9	1	2
338	6	4	2
339	8	2	2
339	9	2	2
339	9	2	1
339	43	2	2
340	9	2	0
341	9	2	2
342	44	2	2
342	45	2	0
343	9	2	2
344	9	2	2
345	45	2	2
346	9	2	2
347	9	2	2
348	45	2	2
349	45	2	2
350	45	2	2
351	3	2	2
352	3	2	2
353	3	2	2
354	6	1	1
355	6	1	1
356	6	1	1
357	6	1	1
358	6	1	1
359	6	1	1
360	6	1	0
361	6	1	1
362	6	1	0
363	6	1	1
364	6	1	1
365	6	1	1
366	6	1	1
367	6	1	1
368	6	1	1
369	6	1	1
370	6	1	1
371	6	1	1
372	6	1	1
373	6	1	1
374	6	1	0
375	17	2	2
375	18	2	2
376	17	2	2
376	18	2	2
377	17	2	2
377	18	2	2
378	17	2	2
378	18	2	2
379	17	2	0
379	18	2	2
380	17	2	0
380	18	2	2
381	17	2	0
381	18	2	2
382	17	2	0
382	18	2	2
383	17	2	2
383	18	2	2
384	17	2	0
384	18	2	2
385	17	2	0
385	18	2	2
386	17	2	0
386	18	2	2
387	17	2	0
387	18	2	2
388	17	2	2
388	18	2	2
389	17	2	2
389	18	2	2
390	17	2	2
390	18	2	2
391	17	2	2
391	18	2	2
392	17	2	0
392	18	2	2
393	17	2	0
393	18	2	2
394	17	2	0
394	18	2	2
395	17	2	0
395	18	2	0
396	17	2	0
396	18	2	0
397	17	2	0
397	18	2	0
398	20	1	2
399	20	1	2
400	41	1	2
401	41	1	2
402	41	1	2
403	41	1	2
404	41	2	2
405	41	2	2
406	41	2	2
407	41	2	2
408	41	1	2
409	41	1	2
410	41	1	2
411	41	1	2
412	7	2	2
412	8	2	2
412	9	2	2
413	17	4	2
413	18	4	2
414	17	4	2
414	18	4	2
415	17	4	2
415	18	4	2
416	17	1	2
416	18	1	2
417	17	1	2
417	18	1	2
418	17	1	2
418	18	1	2
419	17	1	2
419	18	1	2
420	17	5	2
420	18	5	2
421	17	5	2
421	18	5	2
422	17	5	2
422	18	5	2
423	17	5	2
423	18	5	2
424	17	2	2
424	18	2	2
425	17	2	2
425	18	2	2
426	17	2	2
426	18	2	2
427	46	1	2
427	47	1	2
428	46	1	2
428	47	1	2
429	46	1	0
429	47	1	2
430	46	1	0
431	46	1	0
432	46	1	0
433	46	1	0
434	46	1	0
435	46	1	0
436	46	1	2
437	46	2	0
438	46	2	0
439	46	2	0
440	46	2	0
441	46	2	0
442	46	2	0
443	46	2	0
444	46	2	0
445	46	2	0
446	46	2	0
447	46	2	0
448	46	2	0
449	46	2	0
450	46	2	0
451	46	2	0
452	46	2	0
453	46	2	0
454	46	2	0
455	46	2	0
456	41	1	0
457	41	1	0
458	41	1	0
459	41	1	0
460	41	1	0
461	41	1	0
462	41	1	0
463	41	1	0
464	41	1	2
465	41	1	2
466	41	1	2
467	41	1	2
468	41	1	2
469	41	1	2
470	41	1	0
471	41	1	0
472	41	1	0
473	41	1	0
474	41	1	0
475	48	2	0
476	48	2	0
477	48	2	2
478	48	2	2
479	48	2	0
480	48	2	0
481	48	2	0
482	48	2	2
483	48	2	0
484	48	2	0
485	48	2	0
486	48	2	0
487	48	2	0
488	48	2	0
489	48	2	2
490	48	2	0
491	48	2	0
492	48	2	0
493	48	2	0
494	48	2	0
495	48	2	0
496	48	2	0
497	48	2	0
498	49	2	2
498	3	2	2
499	49	2	2
499	3	2	2
500	49	2	2
500	3	2	0
501	49	2	2
501	3	2	2
502	3	2	2
502	49	2	0
503	49	2	2
503	3	2	2
504	49	2	2
504	3	2	2
505	49	2	2
505	3	2	2
506	49	2	2
506	3	2	2
507	49	2	2
507	3	2	2
508	49	2	2
508	3	2	2
509	21	1	2
510	21	1	2
511	21	1	2
512	21	1	2
513	21	1	0
514	21	1	2
515	21	1	0
516	21	1	2
517	21	1	2
518	21	1	2
519	21	1	2
520	21	1	2
521	21	1	2
522	21	1	2
523	21	1	2
523	50	1	0
524	21	1	2
525	21	1	2
526	21	1	2
527	21	1	2
528	21	1	2
529	21	1	2
530	21	1	2
531	21	1	2
532	21	1	2
533	21	1	2
534	21	1	2
535	21	1	2
536	21	1	2
537	21	1	2
538	21	1	2
539	21	1	2
540	21	1	2
541	21	1	2
542	21	1	2
543	51	2	2
543	32	2	2
543	52	2	2
543	53	2	2
543	21	2	0
544	51	2	2
544	32	2	2
544	52	2	2
544	53	2	2
544	21	2	2
545	4	2	2
546	4	2	2
547	4	2	2
548	4	2	2
549	4	2	2
550	4	2	2
551	4	2	2
552	4	2	2
553	4	2	2
554	4	2	2
555	4	2	2
556	4	2	1
557	4	2	2
558	4	2	2
559	35	2	1
560	35	2	2
561	35	2	2
562	35	2	2
563	35	2	2
564	35	2	2
565	35	2	2
566	35	2	2
567	35	1	1
568	35	1	2
569	35	1	2
570	35	1	2
571	35	1	2
572	54	2	0
572	35	2	0
573	54	5	0
573	35	5	0
574	54	4	0
574	35	4	0
575	54	4	0
575	35	4	0
576	54	1	0
576	35	1	0
577	54	1	2
577	35	1	2
578	54	4	2
578	35	4	0
579	54	4	0
579	35	4	0
580	54	4	0
580	35	4	0
581	54	1	2
581	35	1	0
582	54	1	0
582	35	1	0
583	54	1	0
583	35	1	0
584	54	1	0
584	35	1	0
585	54	1	0
585	35	1	0
586	54	1	2
586	35	1	0
587	54	1	0
587	35	1	0
588	55	1	2
588	56	1	2
589	55	1	2
589	56	1	2
590	55	1	2
590	56	1	2
591	55	1	2
591	56	1	2
592	55	1	2
592	56	1	2
593	56	1	2
593	55	1	2
594	55	2	2
594	56	2	2
595	55	2	2
595	56	2	2
596	55	2	2
596	56	2	2
597	56	2	2
597	55	2	2
598	57	2	2
598	37	2	2
599	57	2	2
599	37	2	2
600	57	2	2
600	37	2	2
601	57	2	2
601	37	2	2
602	57	2	2
602	37	2	2
603	57	2	2
603	37	2	2
604	57	2	2
604	37	2	2
605	57	2	2
605	37	2	2
606	57	2	2
606	37	2	2
607	57	2	2
607	37	2	2
608	57	2	2
608	37	2	2
609	57	2	2
609	37	2	2
610	57	2	2
610	37	2	2
611	57	2	2
611	37	2	2
612	57	2	2
612	37	2	2
613	57	2	2
613	37	2	2
614	57	2	2
614	37	2	2
615	57	2	2
615	37	2	2
616	57	2	2
616	37	2	2
617	57	2	2
617	37	2	2
618	58	1	2
619	58	1	2
620	58	1	2
621	58	1	2
622	58	1	2
623	58	1	2
624	58	1	2
625	58	1	2
626	58	1	2
627	58	1	2
628	58	1	2
629	58	1	2
630	58	1	2
631	58	1	2
632	58	1	2
633	58	1	2
634	58	1	2
635	58	1	2
636	58	1	2
637	58	1	2
638	58	1	2
639	58	1	2
640	58	1	2
641	58	1	2
642	58	2	2
643	58	2	2
644	58	2	2
645	58	2	2
646	58	2	2
647	58	2	2
648	58	2	2
649	58	2	2
650	58	2	2
651	58	2	2
652	58	2	2
653	58	2	2
654	58	2	2
655	58	2	2
656	58	2	2
657	58	2	2
658	58	2	2
659	58	2	2
660	58	2	2
661	58	2	2
662	58	2	2
663	58	2	2
664	58	2	2
665	58	2	2
666	58	2	2
667	58	2	2
668	58	2	2
669	58	2	2
670	58	2	2
671	58	2	2
672	59	2	2
673	59	2	2
674	59	2	2
675	59	2	2
676	60	2	2
677	60	2	2
678	60	2	2
679	60	2	2
680	60	2	2
681	60	2	2
682	60	2	2
683	60	2	2
684	60	2	2
685	60	2	2
686	60	2	2
687	60	2	2
688	60	2	2
689	60	2	2
690	60	2	2
691	60	1	2
692	60	1	2
693	60	1	2
694	61	5	2
694	62	5	2
695	61	5	2
695	62	5	2
696	61	5	2
696	62	5	2
697	58	1	2
697	58	1	1
698	17	2	2
698	18	2	2
699	17	2	2
699	18	2	2
700	17	2	2
700	18	2	2
701	17	2	2
701	17	2	2
701	18	2	2
701	24	2	2
701	18	2	2
702	17	2	2
702	18	2	2
702	24	2	2
702	26	2	2
703	17	2	2
703	18	2	2
704	17	2	2
704	17	2	2
704	18	2	2
704	18	2	2
705	17	2	2
705	18	2	2
706	17	2	2
706	18	2	2
707	17	2	2
707	18	2	2
708	17	2	2
708	18	2	2
709	17	2	2
709	25	2	2
709	18	2	2
709	26	2	2
709	27	2	2
709	28	2	2
709	29	2	2
710	17	2	2
710	18	2	2
711	17	2	2
711	18	2	2
711	37	2	2
712	63	2	2
713	63	2	2
714	63	2	1
715	63	1	2
716	58	2	2
717	58	2	2
718	58	2	2
719	17	2	2
719	18	2	2
720	17	2	2
720	18	2	2
721	17	2	2
721	18	2	0
722	17	2	2
722	18	2	2
723	22	2	2
724	22	2	2
725	22	2	2
726	22	2	2
727	64	2	2
727	65	2	2
727	66	2	2
728	64	2	2
728	65	2	2
728	66	2	2
729	64	1	2
729	65	1	2
729	66	1	2
730	64	1	2
730	65	1	2
730	66	1	2
731	67	5	2
732	5	5	2
733	6	5	2
734	62	5	2
735	9	2	2
736	9	2	2
737	7	2	2
737	8	2	2
737	9	2	2
738	9	2	2
739	9	2	2
740	17	1	2
740	18	1	2
741	17	1	0
741	17	1	2
741	18	1	2
741	18	1	2
742	17	1	0
742	18	1	0
743	17	5	2
743	18	5	2
744	17	5	2
744	18	5	2
745	17	5	0
745	18	5	0
746	17	2	2
746	18	2	2
747	41	5	2
748	41	5	2
749	41	5	2
750	20	1	0
751	20	1	0
752	20	1	0
753	20	2	1
754	20	2	1
755	68	6	2
755	69	6	2
756	68	1	2
756	69	1	2
757	68	2	2
757	69	2	2
758	68	6	2
758	69	6	2
759	68	1	2
759	69	1	2
760	68	2	2
760	69	2	2
761	68	6	2
761	69	6	2
762	68	1	2
762	69	1	2
763	68	2	2
763	69	2	2
764	68	6	2
764	69	6	2
765	68	1	2
765	69	1	2
766	68	2	2
766	69	2	2
767	68	6	2
767	69	6	2
768	68	1	2
768	69	1	2
769	68	2	2
769	69	2	2
770	68	6	2
770	69	6	2
771	68	1	2
771	69	1	2
772	68	2	2
772	69	2	2
773	68	6	2
773	69	6	2
774	68	1	2
774	69	1	2
775	68	2	2
775	69	2	2
776	68	6	2
776	69	6	2
777	68	1	2
777	69	1	2
778	68	2	2
778	69	2	2
779	9	2	2
780	9	2	2
781	9	2	2
782	9	2	2
783	9	2	2
784	9	2	2
785	9	2	2
786	9	2	2
787	9	2	2
788	9	2	2
789	9	2	2
790	9	2	2
791	9	2	2
792	9	2	2
793	9	2	2
794	9	2	2
795	9	2	2
796	70	1	2
796	71	1	0
796	72	1	0
797	70	1	2
797	71	1	2
797	72	1	2
798	71	1	2
798	72	1	2
798	70	1	2
799	37	2	2
800	37	2	2
801	37	2	2
802	37	2	2
803	37	2	2
804	42	7	2
805	42	2	2
806	42	7	2
807	42	7	2
808	9	7	2
809	73	1	2
810	73	1	0
811	73	2	2
812	73	2	2
813	73	6	2
814	73	6	2
815	73	1	0
816	73	1	0
817	74	2	2
817	9	2	2
818	9	2	2
818	74	2	2
819	61	8	2
819	62	8	2
820	61	8	2
820	62	8	2
821	61	8	2
821	62	8	2
822	7	8	2
822	8	8	2
822	9	8	2
823	5	1	2
824	5	1	2
825	5	1	1
826	5	1	2
827	5	1	2
828	5	1	2
829	5	1	2
830	5	1	2
831	5	1	2
832	5	1	2
833	5	1	2
834	5	1	2
835	5	2	2
836	5	2	2
837	5	2	2
838	5	2	2
839	5	2	2
840	5	2	2
841	5	2	2
842	5	2	2
843	5	2	2
844	5	2	2
845	5	2	2
846	5	2	2
847	5	1	2
848	5	1	2
849	5	1	2
850	5	1	2
851	5	1	2
852	5	1	2
853	5	1	2
854	5	1	2
855	5	1	2
856	5	1	2
857	5	1	2
858	5	1	2
859	5	1	2
860	5	1	0
861	5	1	2
862	5	1	2
863	5	1	2
864	5	1	2
865	5	1	2
866	5	1	2
867	5	1	2
868	5	1	2
869	5	1	2
870	5	1	2
871	5	1	2
872	5	1	2
873	5	1	2
874	5	1	2
875	5	1	2
876	5	1	2
877	5	1	2
878	5	1	2
879	5	1	2
880	5	1	2
881	5	1	2
882	5	1	2
883	5	1	2
884	5	1	2
885	5	1	2
886	5	1	2
887	5	1	2
888	5	1	2
889	5	1	2
890	5	1	2
891	5	1	2
892	5	1	2
893	5	1	2
894	5	1	2
895	5	1	2
896	5	1	2
897	5	1	2
898	5	1	2
899	5	1	2
900	5	1	2
901	5	1	2
902	5	1	2
903	5	1	2
904	5	1	2
905	5	1	2
906	5	1	2
907	5	1	2
908	5	1	2
909	5	1	2
910	5	1	2
911	5	1	2
912	5	1	2
913	5	1	2
914	5	1	2
915	5	1	2
916	5	1	2
917	5	1	2
918	5	1	2
919	5	1	2
920	5	1	1
921	5	1	2
922	75	1	2
923	75	1	2
924	75	2	2
925	75	2	2
926	75	1	2
927	75	1	2
928	75	1	2
929	75	1	2
930	75	1	2
931	75	1	2
932	75	1	2
933	75	1	2
934	76	1	2
934	77	1	2
934	78	1	2
935	76	1	2
935	77	1	2
935	78	1	2
936	76	1	2
936	77	1	2
936	78	1	2
937	76	1	0
937	77	1	0
937	78	1	0
938	76	1	2
938	77	1	2
938	78	1	2
939	76	1	2
939	77	1	2
939	78	1	2
940	76	1	2
940	77	1	2
940	78	1	2
941	76	1	2
941	77	1	2
941	78	1	2
942	79	2	2
942	80	2	2
942	81	2	2
942	17	2	2
942	82	2	2
942	83	2	2
943	84	2	2
944	84	2	2
945	84	2	2
946	84	2	2
947	84	2	2
948	84	2	2
949	84	2	2
950	84	2	2
951	84	2	2
952	84	2	2
953	84	2	2
954	84	2	2
955	84	2	2
956	84	2	2
957	84	2	2
958	84	2	2
959	41	1	0
960	41	1	2
961	41	1	0
962	12	1	2
963	12	1	2
964	12	1	2
965	12	1	2
966	12	1	2
967	12	1	2
968	12	1	0
969	12	1	2
970	12	1	2
971	12	1	2
972	12	1	2
973	12	1	2
974	12	1	2
975	42	2	2
976	20	2	2
977	16	5	2
978	16	2	2
979	16	9	0
979	16	9	2
980	16	5	1
980	16	9	2
981	85	1	2
982	85	1	2
983	85	1	2
984	85	1	0
985	85	1	2
986	85	1	2
987	85	1	2
988	85	2	2
989	85	2	2
990	85	2	2
991	85	2	2
992	85	2	2
993	85	2	2
994	85	2	2
995	85	2	2
996	86	1	2
997	86	1	2
998	86	1	2
999	86	1	2
1000	86	1	2
1001	86	1	2
1002	86	1	2
1003	87	2	0
1004	87	4	2
1005	87	4	2
1006	62	9	2
1007	22	2	2
1008	22	2	2
1009	22	2	2
1010	22	2	2
1011	12	1	1
1012	12	1	1
1013	12	1	1
1014	12	1	1
1015	12	1	0
1016	12	1	0
1017	41	9	0
1018	41	9	0
1019	41	9	0
1020	41	9	0
1021	41	9	0
1022	41	9	0
1023	41	9	0
1024	41	9	0
1025	41	9	0
1026	41	9	0
1027	41	9	0
1028	41	9	2
1029	41	5	2
1030	41	5	2
1031	41	5	2
1032	41	5	2
1033	41	5	2
1034	5	5	2
1035	5	5	2
1036	5	5	2
1037	5	6	2
1038	5	6	2
1038	5	6	2
1039	5	6	2
1040	9	6	2
1040	9	5	2
1041	88	6	2
1042	5	5	2
1043	5	9	2
1044	5	9	2
1045	5	9	2
1046	5	9	2
1047	5	9	2
1048	5	9	2
1049	5	9	2
1050	9	5	2
1051	5	6	0
1052	5	6	2
1053	5	6	2
1054	5	6	2
1055	5	6	0
1056	5	6	2
1057	5	6	0
1058	5	6	2
1059	5	6	2
1060	5	6	2
1061	5	6	0
1062	5	6	0
1063	6	5	0
1064	6	5	0
1065	6	5	0
1066	6	5	0
1067	6	5	0
1068	6	9	2
1069	6	5	2
1070	6	5	2
1071	6	5	2
1072	6	5	2
1073	6	5	2
1074	6	5	2
1075	6	5	2
1076	6	5	2
1077	6	5	2
1078	6	5	2
1079	6	5	2
1080	89	2	2
1081	89	2	0
1081	89	2	2
1082	89	2	2
1083	89	2	2
1084	89	2	2
1085	89	2	2
1086	89	2	2
1087	89	2	2
1088	89	2	2
1089	89	2	2
1090	89	2	2
1091	89	2	2
1092	89	2	2
1093	89	2	2
1094	89	2	2
1095	89	2	2
1096	89	2	2
1097	89	2	2
1098	89	2	1
1098	89	2	2
1099	89	2	1
1099	89	2	2
1100	89	1	2
1101	89	1	2
1102	89	1	2
1103	89	1	2
1104	89	1	2
1105	89	1	2
1106	89	1	2
1106	89	1	0
1107	89	1	2
1108	90	2	0
1109	90	2	0
1110	90	2	0
1111	90	2	0
1112	90	2	0
1113	90	2	0
1114	90	2	0
1115	90	2	0
1116	90	2	0
1117	90	2	2
1118	90	2	0
1119	90	2	0
1120	90	2	0
1121	90	2	0
1122	90	2	0
1123	90	2	2
1124	90	2	0
1125	90	2	0
1126	90	2	0
1127	90	2	0
1128	90	2	0
1129	90	2	0
1130	90	2	0
1131	90	2	0
1132	90	2	0
1133	90	2	0
1134	90	2	0
1135	90	2	0
1136	90	2	0
1137	90	2	0
1138	90	2	0
1139	90	2	0
1140	90	2	0
1141	90	2	0
1142	90	2	0
1143	90	2	0
1144	90	2	0
1145	90	2	0
1146	90	2	0
1147	90	2	0
1148	46	1	2
1148	47	1	2
1149	46	1	2
1149	47	1	2
1150	46	1	2
1150	47	1	2
1151	46	2	2
1151	47	2	2
1152	46	2	2
1152	47	2	2
1153	47	1	2
1153	46	1	2
1154	22	2	1
1155	22	2	1
1156	22	2	1
1157	22	2	1
1157	22	2	1
1158	22	2	1
1159	22	2	1
1160	22	2	1
1161	22	2	1
1162	22	2	1
1163	22	2	1
1164	22	2	1
1165	22	2	1
1166	22	2	1
1167	22	2	1
1168	22	2	1
1169	22	2	1
1170	22	2	1
1171	22	2	1
1172	22	1	2
1173	22	1	2
1174	22	1	2
1175	22	1	2
1176	22	1	2
1177	22	1	2
1178	22	1	2
1179	22	1	2
1180	22	1	2
1181	22	1	1
1182	22	1	1
1183	22	1	2
1184	22	1	2
1185	22	1	2
1186	22	1	2
1187	2	2	2
1188	2	2	2
1189	2	2	2
1190	2	2	2
1191	2	2	2
1192	2	1	2
1193	2	1	2
1194	2	2	2
1195	2	2	2
1196	9	2	2
1196	1	2	2
1196	2	2	2
1197	2	2	2
1198	2	2	2
1199	2	1	2
1200	2	2	2
1201	2	2	2
1201	2	2	2
1202	91	5	2
1203	91	5	2
1204	57	2	2
1205	57	2	2
1206	57	2	2
1207	57	2	2
1208	57	2	2
1209	57	2	2
1210	57	2	2
1210	17	2	2
1210	92	2	2
1210	18	2	2
1210	51	2	2
1210	93	2	2
1210	94	2	2
1210	95	2	2
1210	96	2	2
1210	37	2	2
1210	97	2	2
1210	98	2	2
1210	99	2	2
1210	53	2	2
1210	100	2	2
1211	57	2	2
1211	51	2	2
1211	101	2	2
1211	93	2	2
1211	52	2	2
1211	102	2	2
1211	94	2	2
1211	95	2	2
1211	103	2	2
1211	104	2	2
1211	105	2	2
1211	96	2	2
1211	37	2	2
1211	106	2	2
1211	107	2	2
1211	92	2	2
1211	98	2	2
1211	99	2	2
1211	108	2	2
1211	109	2	2
1211	110	2	2
1211	53	2	2
1211	111	2	2
1211	112	2	2
1211	113	2	2
1211	114	2	2
1211	100	2	2
1211	115	2	2
1212	57	2	2
1212	92	2	2
1212	51	2	2
1212	93	2	2
1212	102	2	2
1212	94	2	2
1212	95	2	2
1212	106	2	2
1212	32	2	2
1212	53	2	2
1212	113	2	2
1212	114	2	2
1213	57	2	2
1213	51	2	2
1213	101	2	2
1213	116	2	2
1213	93	2	2
1213	52	2	2
1213	24	2	2
1213	102	2	2
1213	117	2	2
1213	94	2	2
1213	95	2	2
1213	103	2	2
1213	104	2	2
1213	105	2	2
1213	96	2	2
1213	37	2	2
1213	106	2	2
1213	118	2	2
1213	119	2	2
1213	107	2	2
1213	92	2	2
1213	98	2	2
1213	99	2	2
1213	32	2	2
1213	108	2	2
1213	109	2	2
1213	110	2	2
1213	53	2	2
1213	111	2	2
1213	112	2	2
1213	120	2	2
1213	121	2	2
1213	113	2	2
1213	122	2	2
1213	114	2	2
1213	100	2	2
1213	123	2	2
1213	115	2	2
1214	9	2	2
1215	9	2	2
1216	9	2	2
1217	9	2	2
1218	35	2	2
1219	35	2	2
1220	35	2	0
1221	7	2	2
1221	8	2	2
1221	9	2	2
1222	20	2	2
1222	30	2	2
1223	20	2	2
1223	30	2	2
1224	20	2	2
1225	124	2	2
1226	124	2	2
1226	125	2	2
1226	126	2	2
1226	127	2	2
1226	128	2	2
1227	124	2	2
1228	124	2	2
1229	124	2	2
1230	33	2	2
1230	129	2	2
1230	130	2	2
1230	131	2	2
1230	52	2	2
1230	132	2	2
1230	133	2	2
1230	92	2	2
1230	134	2	2
1230	135	2	2
1230	13	2	2
1231	33	2	2
1232	33	2	2
1233	33	2	2
1234	33	2	2
1235	33	2	2
1236	33	2	2
1237	33	2	2
1238	33	2	2
1239	20	2	2
1240	20	2	2
1241	24	2	2
1242	24	2	2
1243	24	2	2
1244	24	2	2
1244	136	2	2
1244	137	2	2
1244	26	2	2
1244	27	2	2
1244	28	2	2
1244	29	2	2
1244	138	2	2
1244	139	2	2
1245	140	2	2
1246	140	2	2
1247	140	2	2
1248	140	2	2
1249	140	2	2
1250	140	2	2
1251	140	2	2
1252	140	2	2
1253	140	2	2
1254	140	2	2
1255	140	2	2
1256	140	2	2
1257	140	2	2
1258	140	2	2
1259	140	2	2
1260	140	2	2
1261	140	2	2
1262	140	2	2
1263	140	2	2
1264	140	2	2
1265	140	2	2
1266	140	2	2
1267	140	2	2
1268	140	2	2
1269	140	2	2
1270	140	2	2
1271	140	2	2
1272	140	2	2
1273	58	5	2
1274	58	5	2
1275	58	5	2
1276	58	5	2
1277	58	5	2
1278	58	5	2
1279	58	5	2
1280	58	5	2
1281	58	6	2
1282	58	6	2
1283	58	6	2
1284	58	6	2
1285	58	6	2
1286	58	6	2
1287	58	6	2
1288	58	6	2
1289	11	2	2
1290	11	2	2
1291	11	2	2
1292	11	2	2
1293	11	2	2
1294	11	2	2
1295	11	2	2
1296	11	2	2
1297	11	2	2
1298	11	2	2
1299	141	2	2
1299	11	2	1
1300	141	2	2
1300	11	2	1
1301	11	2	2
1302	11	1	2
1303	11	1	2
1304	11	2	2
1304	142	2	2
1305	11	2	2
1305	142	2	2
1306	142	2	2
1306	11	2	2
1307	11	2	2
1307	142	2	2
1308	11	2	2
1309	11	2	2
1310	11	2	2
1311	11	2	2
1312	11	2	2
1313	11	2	2
1314	11	2	2
1315	11	2	2
1316	143	1	2
1317	143	1	2
1318	144	2	2
1319	144	2	2
1320	144	2	2
1321	144	2	2
1322	22	2	2
1323	22	2	2
1324	22	2	2
1325	22	2	2
1326	22	2	2
1327	22	2	2
1328	22	2	2
1329	22	2	2
1330	22	2	2
1331	145	2	2
1331	146	2	2
1332	145	2	2
1332	146	2	2
1333	145	2	2
1333	146	2	2
1334	145	2	2
1334	146	2	2
1335	145	2	2
1335	146	2	2
1336	145	2	2
1336	146	2	2
1337	145	2	2
1337	146	2	2
1338	145	2	2
1338	146	2	2
1339	145	2	2
1339	146	2	2
1340	145	2	2
1340	146	2	2
1341	145	2	2
1341	146	2	2
1342	145	2	2
1342	146	2	2
1343	145	2	2
1343	146	2	2
1344	147	2	2
1345	148	2	2
1346	149	2	2
1346	131	2	2
1347	149	2	2
1347	131	2	2
1348	149	2	2
1348	131	2	2
1349	149	2	2
1349	131	2	2
1350	149	2	2
1350	131	2	2
1351	149	2	2
1351	131	2	2
1352	149	2	2
1352	131	2	2
1353	149	2	2
1353	131	2	2
1354	149	2	2
1354	131	2	2
1355	149	2	2
1355	131	2	2
1356	149	2	2
1356	131	2	2
1357	150	2	0
1358	150	2	0
1359	150	2	2
1360	58	2	1
1361	20	2	2
1362	20	2	2
1363	20	2	2
1364	20	2	2
1365	20	2	2
1366	20	2	2
1367	20	2	2
1368	20	2	2
1369	20	2	2
1370	20	2	2
1371	20	2	2
1372	20	2	2
1373	20	1	0
1373	132	1	0
1374	20	1	2
1375	20	1	2
1376	20	2	2
1377	151	2	2
1378	151	2	2
1379	151	2	2
1380	20	2	1
1381	20	2	1
1382	20	2	1
1383	20	2	0
1384	20	2	0
1385	20	2	0
1386	20	2	2
1387	20	2	2
1388	20	1	2
1389	20	1	2
1390	20	1	2
1391	20	1	2
1392	20	2	2
1393	20	2	2
1394	20	2	2
1395	20	2	2
1396	9	10	2
1397	15	2	2
1398	15	2	2
1399	15	2	2
1400	15	2	2
1401	15	2	2
1402	15	2	2
1403	15	2	2
1404	15	2	2
1405	15	2	2
1406	15	2	2
1407	15	2	2
1408	152	2	2
1409	152	2	2
1410	152	2	2
1411	152	2	2
1412	152	2	2
1413	152	2	2
1414	152	2	2
1415	152	2	2
1416	152	2	2
1417	152	2	2
1418	152	2	2
1419	152	2	2
1420	152	2	2
1421	152	2	2
1422	152	2	2
1423	17	1	2
1423	18	1	2
1424	17	2	2
1424	18	2	2
1425	17	2	2
1425	18	2	2
1426	17	2	2
1426	18	2	2
1427	17	4	2
1427	18	4	2
1428	17	2	2
1428	18	2	2
1429	6	1	1
1430	6	1	0
1431	6	1	1
1432	6	1	1
1433	6	1	1
1434	6	1	1
1435	147	2	2
1436	147	2	2
1437	147	2	2
1438	147	1	2
1439	147	1	2
1440	9	2	2
1441	9	2	2
1442	6	2	2
1443	6	2	2
1444	9	2	2
1445	9	2	2
1446	123	2	2
1447	123	2	2
1448	19	2	2
1449	9	2	2
1450	9	2	2
1451	73	2	1
1452	73	2	1
1453	73	2	1
1454	73	2	1
1455	73	2	1
1456	73	2	1
1457	73	2	1
1458	73	2	1
1459	73	2	1
1460	73	2	1
1461	73	2	1
1462	73	2	1
1463	73	2	1
1464	73	2	0
1465	73	2	0
1466	73	2	1
1467	5	1	2
1468	5	1	2
1469	5	1	2
1470	5	1	2
1471	5	1	2
1472	5	1	2
1473	35	2	2
1473	54	2	2
1474	54	2	2
1475	35	2	2
1476	54	2	2
1476	153	2	2
1476	154	2	2
1477	21	2	2
1478	21	1	2
1479	21	1	2
1480	155	1	0
1481	155	1	0
1482	155	2	0
1483	155	1	0
1484	155	2	0
1485	155	1	0
1486	156	1	0
1487	156	1	0
1488	156	1	0
1489	156	1	0
1490	156	1	0
1491	156	1	0
1492	156	1	1
1493	156	1	1
1494	156	1	1
1495	156	1	1
1496	156	1	1
1497	156	1	1
1498	156	1	1
1499	156	1	1
1500	156	1	0
1501	156	1	1
1502	156	1	1
1503	156	1	1
1504	156	1	1
1505	156	1	1
1506	156	1	1
1507	156	1	1
1508	156	1	0
1509	32	2	2
1509	32	2	2
1509	32	2	2
1510	41	2	0
1511	41	2	0
1512	41	2	2
1513	41	2	0
1514	41	2	0
1515	7	1	2
1516	7	2	2
1516	8	2	2
1516	9	2	2
1517	7	2	2
1517	8	2	2
1517	9	2	2
1518	7	2	2
1518	8	2	2
1518	9	2	2
1519	7	2	2
1519	8	2	2
1519	9	2	2
1520	7	2	2
1520	8	2	2
1520	9	2	2
1521	7	2	2
1521	8	2	2
1521	9	2	2
1522	7	2	2
1522	8	2	2
1522	9	2	2
1523	7	2	2
1523	8	2	2
1523	9	2	2
1524	7	2	2
1524	8	2	2
1524	9	2	2
1525	7	2	2
1525	8	2	2
1525	9	2	2
1526	7	2	2
1526	8	2	2
1526	9	2	2
1527	7	2	2
1527	8	2	2
1527	9	2	2
1528	7	2	2
1528	8	2	2
1528	9	2	2
1529	42	2	2
1530	42	2	2
1531	42	2	2
1532	42	2	2
1533	42	2	2
1534	42	2	2
1535	9	1	0
1535	7	1	0
1535	8	1	0
1536	7	1	2
1536	8	1	2
1536	9	1	2
1537	20	2	2
1538	54	2	2
1539	20	2	2
1540	54	2	2
1541	54	2	2
1542	54	2	2
1543	54	2	2
1544	54	2	2
1545	54	2	2
1546	54	2	2
1547	54	2	2
1548	54	2	2
1549	54	2	2
1550	54	2	2
1551	54	2	2
1552	54	2	2
1553	54	2	2
1554	54	1	2
1555	54	1	2
1556	6	2	2
1557	6	2	2
1558	6	2	2
1559	6	2	2
1560	6	2	2
1561	6	2	0
1562	6	1	2
1563	6	1	2
1564	6	1	2
1565	6	1	2
1566	6	1	2
1567	6	1	2
1568	6	1	2
1569	6	1	2
1570	157	1	2
1571	157	1	2
1572	157	1	2
1573	157	1	2
1574	157	2	2
1575	157	1	2
1576	158	2	2
1576	159	2	2
1576	87	2	2
1577	158	2	2
1577	159	2	2
1577	87	2	2
1578	158	2	2
1578	159	2	2
1578	87	2	2
1579	158	2	2
1579	159	2	2
1579	87	2	2
1580	158	2	2
1580	159	2	2
1580	87	2	2
1581	158	2	2
1581	159	2	2
1581	87	2	2
1582	158	2	2
1582	159	2	2
1582	87	2	2
1583	158	2	2
1583	159	2	2
1583	87	2	2
1584	6	1	1
1585	6	1	1
1586	6	1	1
1587	6	1	1
1588	6	1	1
1589	6	1	1
1590	6	1	1
1591	9	11	2
1592	9	11	2
1593	63	2	0
1594	63	2	0
1595	63	2	0
1596	63	2	0
1597	63	2	0
1598	63	2	0
1599	63	2	0
1600	63	2	0
1601	63	2	0
1602	41	2	0
1603	41	2	0
1604	41	2	0
1605	41	2	0
1606	41	2	0
1607	41	2	2
1608	41	2	2
1609	41	2	2
1610	41	2	2
1611	41	2	2
1612	41	2	0
1613	41	2	0
1614	41	2	0
1615	41	2	0
1615	160	2	2
1616	41	2	0
1617	41	2	0
1618	41	2	2
1619	41	2	2
1620	41	2	2
1620	161	2	2
1620	162	2	2
1620	160	2	2
1620	163	2	2
1621	41	2	2
1622	160	2	2
1623	41	11	2
1624	41	11	2
1625	13	2	2
1626	13	2	2
1627	13	2	2
1628	13	2	2
1629	13	2	2
1630	13	2	2
1631	13	2	2
1632	13	2	2
1633	13	2	2
1634	13	2	2
1635	13	2	2
1636	164	2	2
1636	13	2	2
1637	13	2	2
1638	13	2	2
1639	13	2	2
1640	13	2	2
1641	13	2	2
1642	13	2	2
1643	13	2	2
1644	13	2	2
1645	164	2	2
1645	13	2	2
1646	13	2	2
1647	13	2	2
1648	41	1	2
1649	58	1	0
1650	20	2	2
1651	7	1	0
1651	7	1	2
1651	8	1	2
1651	9	1	2
1651	8	1	0
1651	9	1	0
1652	7	1	0
1652	8	1	1
1652	9	1	1
1653	7	1	0
1653	7	1	2
1653	8	1	2
1653	9	1	2
1653	8	1	1
1653	9	1	1
1654	7	1	0
1654	8	1	0
1654	9	1	1
1655	32	2	1
1655	32	2	1
1655	32	2	1
1655	32	2	1
1656	32	1	1
1656	32	1	1
1656	32	1	1
1656	32	1	0
1657	84	1	0
1658	84	1	0
1658	84	1	0
1659	84	1	0
1660	84	1	0
1661	84	1	0
1662	84	1	0
1663	11	2	2
1664	11	2	2
1665	11	2	2
1666	11	2	2
1667	11	2	2
1668	11	2	2
1669	11	2	2
1670	11	2	2
1671	11	2	2
1672	11	2	2
1673	11	2	2
1674	11	2	2
1675	11	2	1
1675	11	2	1
1675	11	2	1
1676	11	2	2
1677	11	2	2
1678	11	2	2
1679	11	2	2
1680	11	2	2
1681	11	2	2
1682	11	2	2
1683	11	2	2
1684	11	2	2
1685	11	1	2
1686	11	1	2
1687	11	1	2
1688	11	1	2
1689	158	2	1
1690	158	2	1
1691	158	2	1
1692	158	2	1
1693	158	2	1
1693	159	2	2
1693	87	2	2
1694	158	2	1
1695	158	2	1
1696	158	2	1
1696	159	2	2
1696	87	2	2
1697	158	2	1
1698	158	2	1
1699	158	2	1
1700	115	1	2
1701	115	1	2
1702	115	1	2
1703	115	2	2
1704	115	2	2
1705	115	2	2
1706	115	1	2
1707	115	1	2
1708	115	1	2
1709	115	1	2
1710	115	1	2
1711	115	2	2
1712	115	2	2
1713	115	2	2
1714	115	2	2
1715	115	2	2
1716	115	2	0
1717	115	2	1
1718	46	1	2
1718	47	1	2
1719	46	1	2
1719	47	1	2
1720	46	1	2
1720	47	1	2
1721	46	1	2
1721	47	1	2
1722	46	1	2
1722	47	1	2
1723	46	1	2
1723	47	1	2
1724	46	1	2
1724	47	1	2
1725	46	1	2
1725	47	1	2
1726	46	1	2
1726	47	1	2
1727	46	1	2
1727	47	1	2
1728	46	1	2
1728	47	1	2
1729	46	1	2
1729	47	1	2
1730	46	1	2
1730	47	1	2
1731	46	1	2
1731	47	1	2
1732	46	1	2
1732	47	1	2
1733	46	1	2
1733	47	1	2
1734	47	1	2
1734	46	1	2
1735	46	1	2
1735	47	1	2
1736	46	1	2
1736	47	1	2
1737	47	1	2
1737	46	1	2
1738	46	2	2
1738	47	2	2
1739	46	2	2
1739	47	2	2
1740	46	2	2
1740	47	2	2
1741	46	2	2
1741	47	2	2
1742	46	2	2
1742	47	2	2
1743	46	2	2
1743	47	2	2
1744	46	2	2
1744	47	2	2
1745	46	2	2
1745	47	2	2
1746	46	2	2
1746	47	2	2
1747	46	2	2
1747	47	2	2
1748	46	2	2
1748	47	2	2
1749	46	2	2
1749	47	2	2
1750	46	2	2
1750	47	2	2
1751	46	2	2
1751	47	2	2
1752	46	2	2
1752	47	2	2
1753	46	2	2
1753	47	2	2
1754	46	2	2
1754	47	2	2
1755	46	2	2
1755	47	2	2
1756	46	2	2
1756	47	2	2
1757	46	2	2
1757	47	2	2
1758	47	2	2
1758	46	2	0
1759	77	2	2
1760	77	2	2
1761	77	2	2
1762	77	2	2
1763	77	2	2
1764	77	2	2
1765	77	2	2
1766	77	2	2
1767	77	2	2
1768	77	2	2
1769	77	2	2
1770	77	2	2
1771	77	2	2
1772	77	2	2
1773	77	2	2
1774	77	2	2
1775	77	2	2
1776	77	2	2
1777	165	1	2
1778	165	1	2
1779	165	1	2
1780	165	1	2
1781	165	1	2
1782	165	1	0
1783	9	1	1
1784	9	1	1
1785	9	1	0
1786	9	1	1
1787	9	1	1
1788	9	1	1
1789	9	1	0
1790	9	1	0
1791	9	1	0
1792	9	1	0
1793	9	1	1
1794	9	1	0
1795	9	1	1
1796	9	1	0
1797	9	1	1
1798	73	2	2
1799	73	2	2
1800	73	2	2
1801	73	2	2
1802	73	2	2
1803	73	2	2
1804	73	2	2
1805	73	2	2
1806	32	2	2
1807	32	2	2
1808	32	2	2
1809	32	2	1
1810	32	2	2
1811	32	2	2
1812	32	2	1
1813	32	2	1
1814	32	2	1
1815	32	2	1
1816	32	2	1
1817	32	2	1
1818	32	2	1
1819	32	2	1
1820	32	2	1
1821	32	2	1
1822	32	2	1
1823	32	2	1
1824	32	2	1
1825	10	2	2
1826	10	2	2
1827	166	2	2
1828	166	5	2
1829	167	2	2
1830	167	2	2
1831	167	2	2
1832	167	2	2
1833	167	2	2
1834	167	2	0
1835	167	2	2
1836	156	2	2
1837	156	2	2
1838	156	2	2
1839	156	2	2
1840	168	2	0
1841	168	2	2
1842	168	2	0
1843	64	2	2
1843	65	2	2
1843	66	2	2
1843	22	2	2
1844	169	2	0
1845	169	2	0
1846	169	2	0
1847	169	2	0
1848	169	2	0
1849	169	2	0
1850	169	2	0
1851	169	2	0
1852	169	2	0
1853	169	2	0
1854	169	2	0
1855	169	2	0
1856	169	2	0
1857	169	2	0
1858	169	2	0
1859	66	2	2
1860	66	2	2
1861	65	2	2
1862	66	2	2
1863	65	2	2
1863	66	2	2
1864	66	2	2
1865	66	2	0
1866	6	2	2
1867	6	2	2
1868	6	2	2
1869	6	2	2
1870	6	2	2
1871	6	2	2
1872	6	2	2
1873	6	2	2
1874	6	2	2
1875	6	2	2
1876	6	2	2
1877	6	2	2
1878	6	2	2
1879	6	2	2
1880	6	2	2
1881	6	2	2
1882	6	2	2
1883	6	2	2
1884	6	2	2
1885	6	2	2
1886	6	1	2
1887	6	1	2
1888	6	1	2
1889	6	1	2
1890	6	1	2
1891	6	1	2
1892	6	1	2
1893	6	1	2
1894	6	1	2
1895	6	1	2
1896	6	1	2
1897	6	1	2
1898	105	2	2
1899	105	2	2
1900	105	2	2
1901	105	2	2
1902	105	2	2
1903	105	2	2
1904	105	2	2
1905	105	2	2
1906	105	2	2
1907	105	2	2
1908	105	2	2
1909	105	2	2
1910	105	2	2
1911	105	2	2
1912	105	2	2
1913	105	2	2
1914	105	2	2
1915	105	2	2
1916	105	2	2
1917	105	2	2
1918	105	2	2
1919	170	2	2
1920	170	2	2
1921	170	2	2
1922	170	2	2
1923	170	2	2
1924	170	2	2
1925	170	2	2
1926	170	2	2
1927	170	2	2
1928	170	2	2
1929	170	2	2
1930	170	2	2
1931	170	2	2
1932	170	2	2
1933	170	2	2
1934	170	2	2
1935	170	2	2
1936	170	2	2
1937	170	2	2
1938	170	2	2
1939	170	2	2
1940	170	2	2
1941	170	2	2
1942	170	2	0
1943	171	1	2
1944	171	1	2
1945	171	1	2
1946	171	1	2
1947	171	1	2
1948	171	1	2
1949	57	2	2
1949	17	2	2
1949	18	2	2
1950	57	2	2
1950	17	2	2
1950	18	2	2
1951	57	2	2
1951	17	2	2
1951	18	2	2
1952	57	2	2
1952	17	2	2
1952	18	2	2
1953	57	2	2
1953	17	2	2
1953	18	2	2
1954	57	2	2
1954	17	2	2
1954	18	2	2
1955	57	2	2
1955	17	2	2
1955	18	2	2
1956	57	2	2
1956	17	2	2
1956	18	2	2
1957	57	2	2
1957	17	2	2
1957	18	2	2
1958	57	2	2
1958	17	2	2
1958	18	2	2
1959	57	2	2
1959	17	2	2
1959	18	2	2
1960	57	2	2
1960	17	2	2
1960	18	2	2
1961	57	2	2
1961	17	2	2
1961	18	2	2
1962	57	2	2
1962	17	2	2
1962	18	2	2
1963	57	2	2
1963	17	2	2
1963	18	2	2
1964	57	2	2
1964	17	2	2
1964	18	2	2
1965	57	2	2
1965	17	2	2
1965	18	2	2
1966	57	2	2
1966	17	2	2
1966	18	2	2
1967	57	2	2
1967	17	2	2
1967	18	2	2
1968	57	2	2
1968	17	2	2
1968	18	2	2
1969	57	2	2
1969	17	2	2
1969	18	2	2
1970	21	2	2
1971	21	2	2
1972	21	2	2
1973	21	2	2
1974	21	2	2
1975	21	2	2
1976	21	2	2
1977	21	2	2
1978	21	2	2
1979	21	2	2
1980	21	2	2
1981	21	2	2
1982	21	2	2
1983	21	2	2
1984	21	2	2
1985	21	2	2
1986	21	2	2
1987	21	2	2
1988	21	2	2
1989	21	2	2
1990	21	2	2
1991	21	2	2
1992	21	2	2
1993	35	2	2
1993	54	2	2
1993	55	2	2
1994	35	2	2
1994	54	2	2
1994	55	2	2
1995	35	1	2
1995	54	1	0
1995	55	1	1
1996	35	1	2
1996	54	1	0
1996	55	1	0
1997	35	2	2
1997	54	2	2
1997	55	2	2
1998	55	2	1
1998	35	2	2
1998	54	2	2
1999	35	2	2
1999	54	2	2
1999	55	2	2
2000	35	1	2
2000	54	1	2
2000	55	1	2
2001	35	1	2
2001	54	1	2
2001	55	1	2
2002	35	1	2
2002	54	1	2
2002	55	1	2
2003	172	2	2
2003	173	2	2
2004	73	2	0
2005	73	2	0
2006	73	2	0
2007	73	2	0
2008	73	2	0
2009	73	2	0
2010	73	2	0
2011	73	2	0
2012	66	2	2
2013	66	2	2
2014	66	2	2
2015	66	1	2
2016	66	1	2
2017	66	1	2
2018	66	1	2
2019	18	2	2
2019	17	2	2
2020	18	2	2
2020	17	2	2
2021	18	2	2
2021	17	2	2
2022	18	2	2
2022	17	2	2
2023	18	2	2
2023	17	2	2
2024	18	2	2
2024	17	2	2
2025	18	2	2
2025	17	2	2
2026	18	2	2
2026	17	2	2
2027	18	2	2
2027	17	2	2
2028	18	2	2
2028	17	2	2
2029	18	1	1
2029	17	1	2
2030	18	1	2
2030	17	1	2
2031	18	1	2
2031	17	1	2
2032	18	1	2
2032	17	1	2
2033	18	1	2
2033	17	1	2
2034	18	1	2
2034	17	1	2
2035	18	1	2
2035	17	1	2
2036	18	1	2
2036	17	1	2
2037	18	1	2
2037	17	1	2
2038	17	1	2
2038	18	1	1
2039	18	6	0
2039	17	6	2
2040	18	4	0
2040	17	4	0
2041	51	2	2
2041	113	2	2
2041	51	2	2
2042	51	2	2
2043	51	2	2
2044	51	2	2
2045	51	2	2
2046	51	1	2
2047	51	1	2
2048	89	2	1
2049	89	2	0
2050	89	2	0
2051	89	2	2
2052	89	2	2
2053	89	2	2
2054	89	2	2
2055	89	2	2
2056	89	2	2
2057	89	1	2
2058	89	1	2
2059	89	2	0
2060	89	2	2
2061	89	2	2
2062	89	2	2
2063	89	2	0
2064	89	2	0
2065	89	2	0
2066	20	5	2
2067	20	5	0
2068	20	9	0
2069	57	2	2
2070	57	2	2
2071	57	2	0
2071	57	2	2
2071	57	2	2
2071	57	2	2
2071	57	2	2
2071	57	2	0
2072	57	2	2
2073	174	1	2
2073	175	1	2
2073	176	1	2
2073	177	1	2
2073	23	1	2
2073	178	1	1
2073	179	1	1
2073	89	1	1
2074	89	1	2
2074	174	1	2
2074	175	1	2
2074	179	1	2
2074	176	1	2
2074	177	1	2
2074	178	1	2
2074	23	1	2
2075	89	1	2
2075	174	1	2
2075	175	1	2
2075	179	1	2
2075	176	1	2
2075	177	1	2
2075	178	1	2
2075	23	1	2
2076	20	2	2
2077	20	2	2
2078	20	2	2
2079	20	2	2
2080	20	2	2
2081	20	2	2
2082	20	2	2
2083	20	2	2
2084	20	2	2
2085	20	2	2
2086	20	2	2
2087	20	2	2
2088	20	2	2
2089	20	2	2
2090	20	2	2
2091	20	2	2
2092	20	2	2
2093	20	2	2
2094	33	2	2
2095	33	2	2
2096	33	2	2
2097	144	1	2
2098	144	1	2
2099	11	2	2
2100	11	2	0
2101	11	2	0
2102	6	1	0
2102	180	1	0
2103	181	2	2
2104	181	2	2
2105	181	2	2
2106	181	2	2
2107	181	2	2
2108	181	2	2
2109	181	2	2
2110	64	5	2
2110	22	5	2
2110	182	5	2
2111	64	5	2
2111	22	5	2
2111	182	5	2
2112	64	5	2
2112	22	5	2
2112	182	5	2
2113	32	2	1
2114	32	2	1
2114	51	2	2
2114	24	2	2
2114	96	2	2
2114	106	2	2
2114	183	2	2
2114	109	2	2
2114	184	2	2
2114	53	2	2
2114	114	2	2
2115	32	2	1
2116	32	2	1
2116	51	2	2
2116	101	2	2
2116	24	2	2
2116	106	2	2
2116	109	2	2
2116	53	2	2
2116	114	2	2
2117	32	2	1
2118	32	2	1
2119	5	2	2
2120	5	2	2
2121	5	2	2
2122	5	2	2
2123	5	2	2
2124	5	2	2
2125	5	2	2
2126	5	2	2
2127	5	2	2
2128	5	2	2
2129	5	2	2
2130	5	2	2
2131	71	1	1
2131	72	1	1
2132	71	1	1
2132	72	1	1
2133	71	1	1
2133	72	1	1
2134	71	1	1
2134	72	1	1
2135	104	2	2
2135	105	2	2
2136	104	2	2
2136	105	2	2
2137	185	1	2
2137	51	1	2
2137	186	1	2
2137	187	1	2
2137	136	1	2
2137	188	1	2
2137	105	1	2
2137	37	1	2
2137	189	1	2
2137	134	1	2
2137	112	1	2
2137	120	1	2
2137	113	1	2
2137	190	1	2
2138	191	1	2
2139	151	2	2
2139	192	2	2
2140	51	2	2
2140	129	2	2
2140	193	2	2
2140	186	2	2
2140	194	2	2
2140	24	2	2
2140	37	2	2
2140	184	2	2
2140	112	2	2
2140	195	2	2
2140	113	2	2
2140	196	2	2
2140	197	2	2
2140	198	2	2
2140	190	2	2
2140	83	2	2
2141	129	1	2
2141	193	1	2
2141	186	1	2
2141	199	1	2
2141	194	1	2
2141	24	1	2
2141	112	1	2
2141	195	1	2
2141	196	1	2
2141	197	1	2
2141	198	1	2
2141	83	1	2
2141	200	1	2
2142	201	2	2
2143	24	2	2
2143	202	2	2
2143	203	2	2
2143	132	2	2
2144	185	2	2
2144	51	2	2
2144	129	2	2
2144	193	2	2
2144	186	2	2
2144	130	2	2
2144	17	2	2
2144	52	2	2
2144	204	2	2
2144	24	2	2
2144	94	2	2
2144	95	2	2
2144	205	2	2
2144	18	2	2
2144	98	2	2
2144	109	2	2
2144	111	2	2
2144	112	2	2
2144	206	2	2
2144	207	2	2
2144	120	2	2
2144	197	2	2
2144	190	2	2
2144	83	2	2
2145	51	2	2
2145	129	2	2
2145	208	2	2
2145	16	2	2
2145	209	2	2
2145	193	2	2
2145	187	2	2
2145	130	2	2
2145	210	2	2
2145	211	2	2
2145	212	2	2
2145	17	2	2
2145	131	2	2
2145	52	2	2
2145	213	2	2
2145	214	2	2
2145	24	2	2
2145	102	2	2
2145	202	2	2
2145	117	2	2
2145	203	2	2
2145	94	2	2
2145	95	2	2
2145	215	2	2
2145	132	2	2
2145	106	2	2
2145	74	2	2
2145	216	2	2
2145	205	2	2
2145	217	2	2
2145	218	2	2
2145	32	2	2
2145	219	2	2
2145	134	2	2
2145	220	2	2
2145	135	2	2
2145	109	2	2
2145	53	2	2
2145	164	2	2
2145	13	2	2
2145	111	2	2
2145	221	2	2
2145	181	2	2
2145	222	2	2
2145	223	2	2
2145	197	2	2
2145	139	2	2
2145	224	2	2
2145	225	2	2
2145	226	2	2
2145	227	2	2
2145	228	2	2
2146	130	2	2
2146	211	2	2
2146	17	2	2
2146	131	2	2
2146	52	2	2
2146	202	2	2
2146	94	2	2
2146	95	2	2
2146	103	2	2
2146	132	2	2
2146	74	2	2
2146	216	2	2
2146	219	2	2
2146	109	2	2
2146	222	2	2
2146	197	2	2
2146	139	2	2
2147	129	2	2
2147	208	2	2
2147	209	2	2
2147	193	2	2
2147	136	2	2
2147	201	2	2
2147	130	2	2
2147	210	2	2
2147	211	2	2
2147	17	2	2
2147	131	2	2
2147	52	2	2
2147	213	2	2
2147	202	2	2
2147	203	2	2
2147	94	2	2
2147	95	2	2
2147	215	2	2
2147	132	2	2
2147	106	2	2
2147	216	2	2
2147	219	2	2
2147	220	2	2
2147	109	2	2
2147	53	2	2
2147	13	2	2
2147	111	2	2
2147	229	2	2
2147	222	2	2
2147	223	2	2
2147	197	2	2
2147	139	2	2
2147	224	2	2
2148	129	2	2
2148	130	2	2
2148	17	2	2
2148	131	2	2
2148	52	2	2
2148	202	2	2
2148	203	2	2
2148	95	2	2
2148	132	2	2
2148	205	2	2
2148	219	2	2
2148	134	2	2
2148	109	2	2
2148	13	2	2
2148	197	2	2
2148	139	2	2
2148	224	2	2
2149	129	1	2
2149	193	1	2
2149	201	1	2
2149	17	1	2
2149	52	1	2
2149	213	1	2
2149	214	1	2
2149	202	1	2
2149	203	1	2
2149	94	1	2
2149	95	1	2
2149	215	1	2
2149	132	1	2
2149	106	1	2
2149	216	1	2
2149	219	1	2
2149	134	1	2
2149	183	1	2
2149	135	1	2
2149	109	1	2
2149	53	1	2
2149	13	1	2
2149	230	1	2
2149	231	1	2
2149	229	1	2
2149	121	1	2
2149	223	1	2
2149	197	1	2
2149	224	1	2
2149	225	1	2
2149	200	1	2
2149	228	1	2
2150	232	1	2
2150	129	1	2
2150	233	1	2
2150	193	1	2
2150	201	1	2
2150	130	1	2
2150	17	1	2
2150	52	1	2
2150	213	1	2
2150	214	1	2
2150	202	1	2
2150	203	1	2
2150	95	1	2
2150	215	1	2
2150	132	1	2
2150	205	1	2
2150	219	1	2
2150	134	1	2
2150	183	1	2
2150	135	1	2
2150	109	1	2
2150	53	1	2
2150	13	1	2
2150	230	1	2
2150	229	1	2
2150	121	1	2
2150	223	1	2
2150	197	1	2
2150	224	1	2
2150	226	1	2
2150	228	1	2
2151	209	5	2
2151	17	5	2
2151	117	5	2
2151	132	5	2
2151	205	5	2
2151	219	5	2
2151	222	5	2
2151	197	5	2
2151	83	5	2
2152	13	1	2
2153	25	2	2
2153	51	2	2
2153	93	2	2
2153	17	2	2
2153	204	2	2
2153	57	2	2
2153	202	2	2
2153	74	2	2
2153	216	2	2
2153	205	2	2
2153	18	2	2
2153	98	2	2
2153	99	2	2
2153	26	2	2
2153	27	2	2
2153	28	2	2
2153	29	2	2
2153	234	2	2
2153	235	2	2
2153	224	2	2
2153	225	2	2
2154	25	2	2
2154	216	2	2
2154	26	2	2
2154	27	2	2
2154	28	2	2
2154	29	2	2
2155	130	2	2
2155	210	2	2
2155	131	2	2
2155	202	2	2
2155	117	2	2
2155	203	2	2
2155	132	2	2
2156	216	1	2
2156	205	1	2
2156	99	1	2
2157	152	1	2
2158	130	2	2
2158	202	2	2
2158	132	2	2
2158	205	2	2
2158	236	2	2
2158	224	2	2
2159	237	2	2
2159	103	2	2
2159	104	2	2
2159	105	2	2
2159	37	2	2
2159	75	2	2
2159	227	2	2
2160	202	1	2
2160	132	1	2
2161	238	1	2
2161	185	1	2
2161	239	1	2
2161	51	1	2
2161	129	1	2
2161	240	1	2
2161	193	1	2
2161	116	1	2
2161	93	1	2
2161	241	1	2
2161	17	1	2
2161	52	1	2
2161	242	1	2
2161	57	1	2
2161	24	1	2
2161	203	1	2
2161	243	1	2
2161	96	1	2
2161	37	1	2
2161	205	1	2
2161	18	1	2
2161	32	1	2
2161	219	1	2
2161	189	1	2
2161	134	1	2
2161	108	1	2
2161	183	1	2
2161	244	1	2
2161	245	1	2
2161	246	1	2
2161	82	1	2
2161	112	1	2
2161	247	1	2
2161	231	1	2
2161	222	1	2
2161	121	1	2
2161	113	1	2
2161	196	1	2
2161	197	1	2
2161	73	1	2
2161	100	1	2
2162	201	2	2
2163	201	2	2
2164	26	2	2
2164	27	2	2
2164	28	2	2
2165	79	1	2
2165	80	1	2
2165	81	1	2
2166	79	1	2
2166	80	1	2
2166	81	1	2
2167	25	2	2
2167	79	2	2
2167	80	2	2
2167	26	2	2
2167	81	2	2
2168	79	1	2
2168	80	1	2
2168	81	1	2
2169	79	1	2
2169	80	1	2
2169	81	1	2
2170	187	1	2
2170	83	1	2
2171	51	2	2
2171	129	2	2
2171	24	2	2
2171	112	2	2
2171	190	2	2
2172	51	2	2
2172	112	2	2
2173	129	1	2
2173	112	1	2
2174	129	1	2
2174	186	1	2
2174	199	1	2
2174	24	1	2
2174	98	1	2
2174	112	1	2
2174	120	1	2
2174	196	1	2
2174	197	1	2
2174	198	1	2
2174	83	1	2
2174	200	1	2
2175	69	1	2
2176	188	1	2
2176	248	1	2
2176	203	1	2
2176	197	1	2
2177	51	2	2
2177	249	2	2
2177	130	2	2
2177	17	2	2
2177	52	2	2
2177	57	2	2
2177	24	2	2
2177	96	2	2
2177	37	2	2
2177	132	2	2
2177	205	2	2
2177	18	2	2
2177	92	2	2
2177	99	2	2
2177	189	2	2
2177	108	2	2
2177	245	2	2
2177	109	2	2
2177	112	2	2
2177	190	2	2
2177	100	2	2
2178	51	2	2
2178	209	2	2
2178	101	2	2
2178	240	2	2
2178	17	2	2
2178	24	2	2
2178	102	2	2
2178	250	2	2
2178	74	2	2
2178	220	2	2
2178	222	2	2
2178	251	2	2
2178	252	2	2
2178	83	2	2
2179	239	2	2
2179	51	2	2
2179	209	2	2
2179	101	2	2
2179	240	2	2
2179	253	2	2
2179	186	2	2
2179	254	2	2
2179	17	2	2
2179	24	2	2
2179	102	2	2
2179	250	2	2
2179	243	2	2
2179	237	2	2
2179	103	2	2
2179	104	2	2
2179	105	2	2
2179	37	2	2
2179	74	2	2
2179	255	2	2
2179	99	2	2
2179	220	2	2
2179	245	2	2
2179	222	2	2
2179	251	2	2
2179	252	2	2
2179	83	2	2
2180	51	2	2
2180	193	2	2
2180	186	2	2
2180	17	2	2
2180	24	2	2
2180	205	2	2
2180	18	2	2
2180	109	2	2
2180	112	2	2
2180	206	2	2
2180	207	2	2
2180	120	2	2
2180	83	2	2
2181	129	1	2
2181	193	1	2
2181	186	1	2
2181	187	1	2
2181	93	1	2
2181	17	1	2
2181	199	1	2
2181	57	1	2
2181	24	1	2
2181	96	1	2
2181	205	1	2
2181	18	1	2
2181	98	1	2
2181	99	1	2
2181	82	1	2
2181	112	1	2
2181	195	1	2
2181	256	1	2
2181	120	1	2
2181	121	1	2
2181	196	1	2
2181	197	1	2
2181	139	1	2
2181	198	1	2
2181	257	1	2
2181	83	1	2
2182	51	2	2
2182	187	2	2
2182	201	2	2
2182	130	2	2
2182	210	2	2
2182	131	2	2
2182	202	2	2
2182	203	2	2
2182	258	2	2
2182	132	2	2
2182	216	2	2
2182	236	2	2
2183	129	2	2
2183	233	2	2
2183	16	2	2
2183	249	2	2
2183	254	2	2
2183	201	2	2
2183	130	2	2
2183	210	2	2
2183	211	2	2
2183	212	2	2
2183	131	2	2
2183	52	2	2
2183	242	2	2
2183	259	2	2
2183	203	2	2
2183	132	2	2
2183	133	2	2
2183	18	2	2
2183	92	2	2
2183	99	2	2
2183	134	2	2
2183	220	2	2
2183	135	2	2
2183	26	2	2
2183	27	2	2
2183	28	2	2
2183	13	2	2
2183	29	2	2
2183	260	2	2
2183	224	2	2
2183	228	2	2
2184	51	2	2
2184	104	2	2
2184	105	2	2
2184	112	2	2
2184	190	2	2
2185	51	2	2
2185	129	2	2
2185	208	2	2
2185	201	2	2
2185	130	2	2
2185	210	2	2
2185	211	2	2
2185	131	2	2
2185	214	2	2
2185	24	2	2
2185	202	2	2
2185	203	2	2
2185	132	2	2
2185	205	2	2
2185	219	2	2
2185	26	2	2
2185	13	2	2
2185	261	2	2
2185	197	2	2
2185	225	2	2
2186	51	2	2
2186	262	2	2
2186	102	2	2
2186	37	2	2
2186	18	2	2
2186	112	2	2
2186	113	2	2
2186	83	2	2
2187	187	2	2
2187	201	2	2
2187	130	2	2
2187	210	2	2
2187	131	2	2
2187	202	2	2
2187	203	2	2
2187	258	2	2
2187	132	2	2
2187	216	2	2
2187	236	2	2
2188	51	2	2
2188	130	2	2
2188	52	2	2
2188	57	2	2
2188	24	2	2
2188	96	2	2
2188	37	2	2
2188	132	2	2
2188	205	2	2
2188	92	2	2
2188	99	2	2
2188	189	2	2
2188	109	2	2
2188	112	2	2
2188	100	2	2
2189	51	2	2
2189	249	2	2
2189	130	2	2
2189	17	2	2
2189	52	2	2
2189	57	2	2
2189	24	2	2
2189	96	2	2
2189	37	2	2
2189	132	2	2
2189	205	2	2
2189	18	2	2
2189	92	2	2
2189	99	2	2
2189	189	2	2
2189	109	2	2
2189	112	2	2
2189	100	2	2
2190	238	2	2
2190	185	2	2
2190	25	2	2
2190	51	2	2
2190	129	2	2
2190	209	2	2
2190	263	2	2
2190	240	2	2
2190	193	2	2
2190	186	2	2
2190	254	2	2
2190	187	2	2
2190	201	2	2
2190	130	2	2
2190	210	2	2
2190	211	2	2
2190	17	2	2
2190	131	2	2
2190	52	2	2
2190	199	2	2
2190	57	2	2
2190	188	2	2
2190	24	2	2
2190	80	2	2
2190	102	2	2
2190	264	2	2
2190	265	2	2
2190	202	2	2
2190	117	2	2
2190	203	2	2
2190	243	2	2
2190	96	2	2
2190	37	2	2
2190	132	2	2
2190	266	2	2
2190	74	2	2
2190	216	2	2
2190	205	2	2
2190	107	2	2
2190	267	2	2
2190	18	2	2
2190	92	2	2
2190	98	2	2
2190	99	2	2
2190	32	2	2
2190	268	2	2
2190	219	2	2
2190	189	2	2
2190	269	2	2
2190	108	2	2
2190	183	2	2
2190	220	2	2
2190	270	2	2
2190	244	2	2
2190	245	2	2
2190	109	2	2
2190	28	2	2
2190	184	2	2
2190	53	2	2
2190	111	2	2
2190	82	2	2
2190	112	2	2
2190	271	2	2
2190	181	2	2
2190	272	2	2
2190	206	2	2
2190	195	2	2
2190	273	2	2
2190	274	2	2
2190	275	2	2
2190	231	2	2
2190	276	2	2
2190	29	2	2
2190	222	2	2
2190	223	2	2
2190	113	2	2
2190	196	2	2
2190	277	2	2
2190	278	2	2
2190	279	2	2
2190	251	2	2
2190	114	2	2
2190	197	2	2
2190	139	2	2
2190	190	2	2
2190	100	2	2
2190	83	2	2
2190	280	2	2
2190	81	2	2
2191	51	2	2
2191	129	2	2
2191	130	2	2
2191	17	2	2
2191	131	2	2
2191	52	2	2
2191	57	2	2
2191	24	2	2
2191	203	2	2
2191	96	2	2
2191	37	2	2
2191	132	2	2
2191	205	2	2
2191	18	2	2
2191	92	2	2
2191	99	2	2
2191	189	2	2
2191	108	2	2
2191	245	2	2
2191	109	2	2
2191	53	2	2
2191	112	2	2
2191	190	2	2
2191	100	2	2
2192	170	2	2
2192	185	2	2
2192	51	2	2
2192	129	2	2
2192	209	2	2
2192	240	2	2
2192	193	2	2
2192	249	2	2
2192	130	2	2
2192	211	2	2
2192	17	2	2
2192	131	2	2
2192	52	2	2
2192	281	2	2
2192	57	2	2
2192	24	2	2
2192	264	2	2
2192	117	2	2
2192	203	2	2
2192	243	2	2
2192	258	2	2
2192	96	2	2
2192	37	2	2
2192	132	2	2
2192	266	2	2
2192	216	2	2
2192	205	2	2
2192	18	2	2
2192	92	2	2
2192	99	2	2
2192	219	2	2
2192	189	2	2
2192	108	2	2
2192	183	2	2
2192	245	2	2
2192	109	2	2
2192	27	2	2
2192	184	2	2
2192	53	2	2
2192	111	2	2
2192	82	2	2
2192	112	2	2
2192	272	2	2
2192	206	2	2
2192	195	2	2
2192	274	2	2
2192	231	2	2
2192	29	2	2
2192	121	2	2
2192	282	2	2
2192	223	2	2
2192	234	2	2
2192	113	2	2
2192	196	2	2
2192	251	2	2
2192	197	2	2
2192	73	2	2
2192	100	2	2
2192	225	2	2
2192	83	2	2
2193	263	2	2
2193	17	2	2
2193	216	2	2
2193	13	2	2
2193	224	2	2
2194	185	2	2
2194	51	2	2
2194	240	2	2
2194	193	2	2
2194	249	2	2
2194	130	2	2
2194	17	2	2
2194	131	2	2
2194	52	2	2
2194	57	2	2
2194	24	2	2
2194	117	2	2
2194	203	2	2
2194	96	2	2
2194	37	2	2
2194	132	2	2
2194	216	2	2
2194	205	2	2
2194	18	2	2
2194	92	2	2
2194	99	2	2
2194	219	2	2
2194	189	2	2
2194	108	2	2
2194	245	2	2
2194	110	2	2
2194	53	2	2
2194	111	2	2
2194	112	2	2
2194	206	2	2
2194	113	2	2
2194	196	2	2
2195	283	2	2
2195	284	2	2
2195	285	2	2
2196	186	2	2
2196	249	2	2
2196	136	2	2
2196	250	2	2
2196	243	2	2
2196	258	2	2
2196	104	2	2
2196	105	2	2
2196	205	2	2
2196	286	2	2
2196	220	2	2
2196	287	2	2
2196	121	2	2
2197	101	2	2
2197	186	2	2
2197	254	2	2
2197	243	2	2
2197	104	2	2
2197	105	2	2
2197	286	2	2
2197	252	2	2
2198	132	2	2
2198	216	2	2
2198	205	2	2
2198	219	2	2
2198	83	2	2
2199	103	1	2
2199	37	1	2
2200	21	2	2
2201	21	2	2
2202	21	2	2
2202	21	2	1
2203	21	1	2
2204	21	1	2
2205	21	2	2
2206	21	2	2
2207	21	2	2
2208	21	2	2
2209	21	2	0
2209	21	2	2
2210	21	2	2
2210	21	2	1
2211	21	2	2
2211	21	2	0
2212	21	2	2
2213	21	2	2
2214	21	2	2
2215	21	2	2
2216	21	2	2
2217	21	2	1
2217	50	2	2
2218	21	2	2
2219	21	2	2
2220	21	2	2
2221	21	2	2
2222	21	2	0
2222	50	2	0
2223	21	2	2
2224	21	2	2
2225	21	2	2
2226	21	2	2
2227	54	2	2
2227	55	2	2
2228	54	2	2
2228	55	2	2
2229	54	2	2
2229	55	2	2
2230	54	2	2
2230	55	2	2
2231	54	2	2
2231	55	2	0
2232	54	2	2
2232	55	2	2
2233	156	2	2
2234	156	2	2
2235	156	2	2
2236	156	2	2
2237	156	2	2
2238	156	2	2
2239	156	2	2
2240	156	2	2
2241	156	2	2
2242	156	2	2
2243	156	2	2
2244	156	2	2
2245	156	2	2
2246	156	2	2
2247	288	2	2
2248	100	2	2
2249	100	2	2
2250	100	2	2
2251	100	2	2
2251	289	2	2
2252	100	2	2
2253	100	2	2
2254	100	2	2
2255	100	2	2
2255	289	2	2
2256	42	12	2
2257	42	12	2
2258	6	12	2
2259	290	2	2
2260	290	2	2
2261	290	2	2
2262	290	2	2
2263	290	2	2
2264	290	2	2
2265	290	2	2
2266	290	2	2
2267	290	2	2
2268	290	2	2
2269	290	2	2
2270	290	2	2
2271	290	2	2
2272	290	2	2
2273	290	2	2
2274	290	1	2
2275	291	2	2
2276	291	2	2
2277	291	2	2
2278	291	2	2
2279	291	2	2
2280	291	1	2
2281	291	1	2
2282	291	1	2
2283	291	1	2
2284	291	1	0
2285	291	1	0
2286	291	1	2
2287	291	1	0
2288	291	1	0
2289	291	1	2
2290	291	4	2
2291	291	4	2
2292	291	4	2
2293	291	1	2
2294	291	1	0
2295	291	1	2
2296	291	1	2
2297	291	1	2
2298	291	1	2
2299	291	1	2
2300	6	2	0
2301	6	2	0
2302	6	2	1
2303	6	2	1
2304	6	2	0
2305	6	2	1
2306	6	2	1
2307	6	2	0
2308	6	2	1
2309	6	2	1
2310	6	2	0
2311	6	2	0
2312	6	2	0
2313	6	2	0
2314	6	2	0
2315	6	2	1
2316	6	2	1
2317	6	2	1
2318	6	2	1
2319	6	2	1
2320	6	2	1
2321	6	2	1
2322	6	2	1
2323	6	2	1
2324	6	2	1
2325	6	2	1
2326	6	2	1
2327	6	2	1
2328	6	2	0
2329	6	2	1
2330	6	2	1
2331	6	2	1
2332	6	2	0
2333	6	2	1
2334	6	2	0
2335	6	2	1
2336	6	2	1
2337	6	2	0
2338	7	1	0
2338	8	1	0
2338	9	1	0
2339	7	1	0
2339	8	1	0
2339	9	1	0
2340	7	1	0
2340	8	1	0
2340	9	1	2
2341	7	1	2
2341	8	1	2
2341	9	1	2
2342	7	1	2
2342	8	1	2
2342	9	1	2
2343	7	1	2
2343	8	1	2
2343	9	1	2
2344	102	1	0
2345	102	1	0
2346	102	1	0
2347	102	1	0
2348	102	2	0
2349	102	2	0
2350	102	2	1
2351	102	2	1
2352	102	2	1
2353	102	2	1
2354	102	2	1
2355	102	2	1
2356	102	2	0
2357	102	2	1
2358	102	2	1
2359	102	2	1
2360	102	2	0
2361	102	2	0
2362	102	2	0
2363	102	2	1
2364	16	9	2
2365	16	9	2
2366	16	9	2
2367	16	9	2
2368	16	9	2
2369	16	9	2
2370	16	9	2
2371	16	9	2
2372	16	9	2
2373	16	9	2
2374	16	9	2
2375	16	9	2
2376	16	9	2
2377	16	9	2
2378	16	9	2
2379	16	9	2
2380	16	9	2
2381	58	1	2
2382	58	1	2
2383	58	1	2
2384	58	1	2
2385	58	1	2
2386	58	1	2
2387	58	1	2
2388	58	1	2
2389	58	1	0
2390	58	1	2
2391	21	2	2
2392	21	2	2
2393	21	2	2
2394	21	2	2
2395	21	2	2
2396	32	2	2
2396	21	2	2
2396	50	2	2
2396	109	2	2
2396	244	2	2
2396	54	2	2
2396	52	2	2
2396	53	2	2
2397	21	2	2
2398	21	2	2
2399	21	2	2
2400	21	2	2
2401	21	2	2
2402	55	2	2
2403	55	2	2
2404	55	2	2
2405	55	2	2
2406	55	2	2
2407	55	2	2
2408	55	2	2
2409	55	2	2
2410	55	1	2
2411	55	1	1
2412	55	1	2
2413	55	1	2
2414	55	1	1
2415	55	1	2
2416	55	1	2
2417	35	1	2
2418	35	1	2
2419	64	1	0
2419	65	1	0
2419	66	1	0
2420	64	1	0
2420	65	1	0
2420	66	1	0
2421	64	1	0
2421	65	1	0
2421	66	1	0
2422	64	1	0
2422	65	1	0
2422	66	1	0
2423	64	1	0
2423	65	1	0
2423	66	1	0
2424	66	1	0
2424	64	1	0
2424	65	1	0
2425	64	1	0
2425	65	1	0
2425	66	1	0
2426	66	1	0
2426	64	1	0
2426	65	1	0
2427	64	1	0
2427	65	1	0
2427	66	1	0
2428	64	1	0
2428	65	1	0
2428	66	1	0
2429	64	1	0
2429	65	1	0
2429	66	1	0
2430	64	1	0
2430	65	1	0
2430	66	1	2
2431	64	1	0
2431	65	1	0
2431	66	1	0
2432	64	1	0
2432	65	1	0
2432	66	1	0
2433	64	1	0
2433	65	1	2
2433	66	1	0
2434	64	1	0
2434	65	1	0
2434	66	1	0
2435	64	1	0
2435	65	1	0
2435	66	1	0
2436	64	1	0
2436	65	1	0
2436	66	1	0
2437	64	1	0
2437	65	1	0
2437	66	1	0
2438	66	1	0
2438	64	1	0
2438	65	1	0
2439	66	1	0
2439	64	1	0
2439	65	1	0
2440	64	1	0
2440	65	1	0
2440	66	1	0
2441	64	1	0
2441	65	1	0
2441	66	1	0
2442	77	2	2
2443	77	2	2
2444	77	2	2
2445	77	2	2
2446	77	2	2
2447	77	2	2
2448	77	1	2
2449	77	1	2
2450	77	1	2
2451	77	1	2
2452	77	1	2
2453	77	1	2
2454	77	1	2
2455	37	2	2
2456	37	2	2
2457	37	2	2
2458	37	2	2
2459	37	2	2
2460	37	2	2
2461	37	2	2
2462	37	2	2
2463	37	2	2
2464	37	2	2
2465	37	2	2
2466	37	2	2
2467	37	2	2
2468	37	2	2
2469	37	2	2
2470	37	2	2
2471	37	2	2
2472	37	2	2
2473	37	2	2
2474	37	2	2
2475	37	2	2
2476	37	2	2
2477	37	2	2
2478	37	2	2
2479	37	2	2
2480	37	2	2
2481	37	2	2
2482	37	2	2
2483	37	2	2
2484	37	2	2
2485	37	2	2
2486	37	2	2
2487	37	2	2
2488	37	2	2
2489	37	2	2
2490	37	2	2
2491	37	2	2
2492	37	2	2
2493	37	2	2
2494	37	2	2
2495	6	2	1
2496	6	2	1
2497	6	2	1
2498	6	2	1
2499	6	2	1
2500	6	2	1
2501	6	2	1
2502	6	2	0
2503	6	2	0
2504	6	2	0
2505	6	2	1
2506	6	2	0
2507	6	2	1
2508	6	2	1
2509	6	2	1
2510	292	2	2
2510	6	2	1
2511	292	2	2
2511	6	2	1
2512	6	2	0
2513	6	2	0
2514	6	2	0
2515	6	2	0
2516	6	2	0
2517	6	2	0
2518	6	2	0
2519	6	2	1
2519	292	2	1
2520	6	2	1
2521	6	2	1
2522	6	2	1
2523	6	2	1
2524	6	2	1
2524	292	2	1
2525	6	2	1
2525	292	2	1
2526	6	2	1
2526	292	2	1
2527	6	2	1
2527	292	2	1
2528	6	2	1
2528	292	2	0
2529	6	2	0
2530	6	2	0
2531	6	2	0
2532	21	2	0
2533	21	2	1
2534	21	2	0
2535	21	2	0
2536	21	2	0
2537	21	2	0
2538	21	2	0
2539	21	2	0
2540	166	2	2
2541	166	2	2
2542	166	2	2
2543	166	2	2
2544	166	2	2
2545	166	2	2
2546	166	2	2
2547	166	1	2
2548	79	1	2
2548	80	1	2
2548	81	1	2
2549	79	1	2
2549	80	1	2
2549	81	1	2
2550	79	1	2
2550	80	1	2
2550	81	1	2
2551	79	1	2
2551	80	1	2
2551	81	1	2
2552	79	1	2
2552	80	1	2
2552	81	1	2
2553	79	1	2
2553	80	1	2
2553	81	1	2
2554	79	1	2
2554	80	1	2
2554	81	1	2
2555	79	1	2
2555	80	1	2
2555	81	1	2
2556	79	1	2
2556	80	1	2
2556	81	1	2
2557	79	1	2
2557	80	1	2
2557	81	1	2
2558	80	1	2
2558	79	1	2
2558	81	1	2
2559	79	2	2
2559	80	2	2
2559	81	2	2
2560	79	2	2
2560	80	2	2
2560	81	2	2
2561	79	2	2
2561	80	2	2
2561	81	2	2
2562	79	2	2
2562	80	2	2
2562	81	2	2
2563	79	2	2
2563	80	2	2
2563	81	2	2
2564	79	2	2
2564	80	2	2
2564	81	2	2
2565	79	2	2
2565	80	2	2
2565	81	2	2
2566	79	2	2
2566	80	2	2
2566	81	2	2
2567	79	2	2
2567	80	2	2
2567	81	2	2
2568	79	2	2
2568	80	2	2
2568	81	2	2
2569	79	2	2
2569	80	2	2
2569	81	2	2
2570	80	2	2
2570	79	2	2
2570	81	2	2
2571	79	2	2
2571	80	2	2
2571	81	2	2
2572	79	2	2
2572	80	2	2
2572	81	2	2
2573	79	2	2
2573	80	2	2
2573	81	2	2
2574	79	2	2
2574	80	2	2
2574	81	2	2
2575	79	1	2
2575	80	1	2
2575	81	1	2
2576	79	1	2
2576	80	1	2
2576	81	1	2
2577	79	1	2
2577	80	1	2
2577	81	1	2
2578	79	1	2
2578	80	1	2
2578	81	1	2
2579	79	1	2
2579	80	1	2
2579	81	1	2
2580	79	1	2
2580	80	1	2
2580	81	1	2
2581	79	1	2
2581	80	1	2
2581	81	1	2
2582	79	1	2
2582	80	1	2
2582	81	1	2
2583	79	1	2
2583	80	1	2
2583	81	1	2
2584	79	1	2
2584	80	1	2
2584	81	1	2
2585	79	1	2
2585	80	1	2
2585	81	1	2
2586	79	1	2
2586	80	1	2
2586	81	1	2
2587	79	1	2
2587	80	1	2
2587	81	1	2
2588	79	1	2
2588	80	1	2
2588	81	1	2
2589	79	1	2
2589	80	1	2
2589	81	1	2
2590	79	1	2
2590	80	1	2
2590	81	1	2
2591	79	1	2
2591	80	1	2
2591	81	1	2
2592	79	1	2
2592	80	1	2
2592	81	1	2
2593	79	2	2
2593	80	2	2
2593	81	2	2
2594	79	2	2
2594	80	2	2
2594	81	2	2
2595	79	2	2
2595	80	2	2
2595	81	2	2
2596	79	2	2
2596	80	2	2
2596	81	2	2
2597	79	2	2
2597	80	2	2
2597	81	2	2
2598	79	2	2
2598	80	2	2
2598	81	2	2
2599	79	2	2
2599	80	2	2
2599	81	2	2
2600	79	2	2
2600	80	2	2
2600	81	2	2
2601	79	2	2
2601	80	2	2
2601	81	2	2
2602	79	2	2
2602	80	2	2
2602	81	2	2
2603	79	2	2
2603	80	2	2
2603	81	2	2
2604	79	2	2
2604	80	2	2
2604	81	2	2
2605	54	1	0
2605	55	1	0
2606	54	1	0
2606	55	1	0
2607	54	1	0
2607	55	1	0
2608	54	1	0
2608	55	1	0
2609	54	1	0
2609	55	1	0
2610	54	1	0
2610	55	1	0
2611	54	1	0
2611	55	1	0
2612	54	1	0
2612	55	1	0
2613	54	1	0
2613	55	1	0
2614	54	1	2
2614	55	1	2
2615	54	1	2
2615	55	1	2
2616	54	1	2
2616	55	1	2
2617	54	1	2
2617	55	1	2
2618	54	1	0
2618	55	1	0
2619	54	1	1
2619	55	1	1
2620	54	1	0
2620	55	1	1
2621	54	1	1
2621	55	1	1
2622	54	1	0
2622	55	1	2
2623	54	1	0
2623	55	1	1
2624	54	1	0
2624	55	1	2
2625	54	1	1
2625	55	1	1
2626	54	1	0
2626	55	1	1
2627	293	1	0
2628	293	1	0
2629	293	1	0
2630	293	1	0
2630	293	1	0
2631	293	1	0
2632	293	1	0
2633	293	1	0
2634	293	1	0
2635	293	1	0
2636	293	1	0
2637	293	1	0
2638	293	1	0
2639	293	1	0
2640	293	1	0
2641	293	1	0
2642	293	1	0
2643	9	2	2
2643	7	2	2
2643	8	2	2
2644	9	2	2
2644	7	2	2
2644	8	2	2
2645	9	2	2
2645	7	2	2
2645	8	2	2
2646	9	2	2
2646	7	2	2
2646	8	2	2
2647	9	2	2
2647	7	2	2
2647	8	2	2
2648	9	2	2
2648	7	2	2
2648	8	2	2
2649	9	2	2
2649	7	2	2
2649	8	2	2
2650	9	2	2
2650	7	2	2
2650	8	2	2
2651	9	2	2
2651	7	2	2
2651	8	2	2
2652	9	2	2
2652	7	2	2
2652	8	2	2
2653	9	2	2
2653	7	2	2
2653	8	2	2
2654	9	2	2
2654	7	2	2
2654	8	2	2
2655	9	2	2
2655	7	2	2
2655	8	2	2
2656	9	2	2
2656	7	2	2
2656	8	2	2
2657	9	2	2
2657	7	2	2
2657	8	2	2
2658	60	2	2
2659	60	2	2
2660	60	2	2
2661	60	2	2
2662	60	2	2
2663	60	2	2
2664	294	2	2
2665	294	2	2
2666	294	2	2
2667	294	2	2
2668	294	2	2
2669	294	2	2
2670	294	2	2
2671	294	2	2
2672	294	2	0
2673	294	2	2
2674	294	2	2
2675	294	2	2
2676	294	2	2
2677	294	2	2
2678	57	2	2
2679	57	1	2
2680	57	2	2
2681	57	1	2
2682	9	2	2
2683	9	2	2
2684	9	2	2
2685	9	2	2
2686	9	2	2
2687	9	2	2
2688	9	2	2
2689	9	2	2
2690	9	2	1
2691	9	2	2
2692	9	2	2
2693	9	2	2
2694	9	2	2
2695	9	2	2
2696	9	2	2
2697	9	2	2
2698	9	2	2
2699	41	2	2
2700	41	2	2
2701	41	2	2
2702	41	2	2
2703	41	2	2
2704	41	2	2
2705	41	2	2
2706	41	2	2
2707	41	2	2
2708	41	2	2
2709	41	2	2
2710	41	2	2
2711	41	2	0
2712	41	2	2
2712	295	2	2
2712	296	2	2
2712	297	2	2
2712	298	2	2
2712	299	2	2
2712	300	2	2
2713	41	2	2
2714	41	2	2
2715	41	2	2
2716	41	2	2
2717	41	2	2
2718	41	2	0
2719	301	2	2
2720	301	2	0
2721	301	2	2
2722	301	2	2
2723	301	2	2
2724	301	2	2
2725	301	2	2
2726	301	2	2
2727	301	2	2
2728	301	2	2
2729	301	4	2
2730	301	4	2
2731	301	4	2
2732	301	4	2
2733	301	4	2
2734	301	4	2
2735	301	4	2
2736	301	4	2
2737	301	4	2
2738	301	4	2
2739	100	2	2
2740	100	2	0
2741	100	2	2
2742	100	2	2
2743	104	2	0
2743	105	2	0
2744	104	2	0
2744	105	2	0
2745	104	2	0
2745	105	2	0
2746	104	1	0
2746	105	1	0
2747	104	1	0
2747	105	1	0
2748	104	2	0
2748	105	2	0
2749	104	2	0
2749	105	2	0
2750	104	2	0
2750	105	2	0
2751	104	2	0
2751	105	2	0
2752	104	2	0
2752	105	2	0
2753	104	2	2
2753	105	2	0
2754	104	2	2
2754	105	2	0
2755	104	2	2
2755	105	2	2
2756	104	2	2
2756	105	2	2
2757	104	2	2
2757	105	2	2
2758	104	2	2
2758	105	2	0
2759	104	2	2
2759	105	2	2
2760	105	2	0
2760	104	2	2
2761	104	2	2
2761	105	2	2
2762	104	2	2
2762	105	2	2
2763	104	2	2
2763	105	2	2
2764	104	2	2
2764	105	2	2
2765	104	2	2
2765	105	2	2
2766	104	2	2
2766	105	2	2
2767	104	2	2
2767	105	2	2
2768	104	2	2
2768	105	2	2
2769	104	2	2
2769	105	2	2
2770	104	2	2
2770	105	2	2
2771	104	2	2
2771	105	2	2
2772	104	2	2
2772	105	2	2
2773	302	2	0
2774	302	2	0
2775	302	2	0
2776	302	2	0
2777	302	2	0
2778	302	2	0
2779	302	2	0
2780	302	2	0
2781	302	2	0
2782	302	2	0
2783	302	2	0
2784	302	2	0
2785	302	2	0
2786	302	2	0
2787	302	2	0
2788	302	2	0
2789	302	2	0
2790	302	2	0
2791	302	2	0
2792	302	2	0
2793	4	2	2
2794	4	2	2
2795	4	2	2
2796	4	2	2
2797	4	2	2
2798	4	2	2
2799	4	2	2
2800	4	2	2
2801	4	2	2
2802	4	2	2
2803	4	2	2
2804	4	2	2
2805	4	2	2
2806	4	2	2
2807	4	2	2
2808	4	2	2
2809	4	2	2
2810	4	2	2
2811	4	2	2
2812	4	2	2
2813	4	2	2
2814	4	2	2
2815	4	2	2
2816	4	2	2
2817	4	2	2
2818	4	2	2
2819	4	2	2
2820	4	2	2
2821	4	2	2
2822	4	2	2
2823	4	2	2
2824	4	2	2
2825	4	2	2
2826	4	2	2
2827	4	2	2
2828	4	2	2
2829	84	1	0
2830	20	2	2
2830	30	2	2
2831	20	2	2
2831	30	2	2
2832	20	2	2
2832	30	2	2
2833	20	2	0
2833	30	2	2
2834	20	2	0
2834	30	2	0
2835	20	2	0
2835	30	2	1
2836	20	2	1
2836	30	2	1
2837	20	2	2
2837	30	2	2
2838	20	2	2
2838	30	2	2
2839	20	2	2
2839	30	2	2
2840	20	2	0
2840	30	2	1
2841	20	2	0
2841	30	2	1
2842	20	2	1
2842	30	2	1
2843	22	2	0
2844	22	2	0
2845	22	2	0
2846	22	2	0
2847	22	2	0
2848	69	2	2
2848	303	2	2
2848	69	2	2
2849	69	2	2
2849	303	2	2
2850	69	2	2
2850	303	2	2
2851	69	2	2
2851	303	2	2
2851	69	2	2
2852	69	2	2
2852	303	2	2
2853	69	2	2
2853	303	2	2
2854	69	2	2
2854	303	2	2
2855	69	2	2
2855	303	2	2
2856	69	2	2
2856	303	2	2
2857	303	2	1
2857	69	2	1
2857	304	2	2
2858	69	2	2
2858	303	2	2
2859	69	2	2
2859	303	2	2
2860	305	1	2
2861	305	1	2
2862	305	1	2
2863	305	1	2
2864	305	1	2
2865	305	1	2
2866	305	1	2
2867	305	1	2
2867	55	1	2
2867	54	1	2
2868	305	1	2
2869	48	2	0
2870	262	2	2
2871	262	2	2
2872	262	2	2
2873	262	2	2
2874	262	2	2
2875	262	2	2
2876	262	2	2
2877	262	2	2
2878	241	1	1
2878	262	1	0
2879	262	1	2
2880	262	1	2
2881	262	1	2
2882	262	1	2
2883	262	1	2
2884	262	1	2
2885	262	1	2
2886	306	1	2
2887	32	1	0
2888	32	1	2
2889	32	1	0
2890	32	1	2
2891	32	1	2
2892	32	1	2
2893	9	2	2
2893	7	2	2
2894	9	2	2
2894	7	2	2
2895	9	2	2
2895	7	2	2
2896	9	2	2
2896	7	2	2
2897	9	2	2
2897	7	2	2
2898	9	2	2
2898	9	2	2
2898	7	2	2
2899	9	2	2
2899	7	2	2
2900	9	2	2
2900	7	2	2
2901	307	2	0
2902	307	2	0
2903	307	2	0
2904	307	2	0
2905	307	2	0
2906	307	2	0
2907	307	2	0
2908	307	2	0
2909	307	2	0
2910	307	2	0
2911	307	2	0
2912	307	2	0
2913	307	2	1
2914	307	2	0
2915	40	1	2
2916	40	1	2
2917	40	1	2
2918	40	1	2
2919	40	1	2
2920	40	1	2
2921	40	1	2
2922	40	1	2
2923	40	1	2
2924	40	1	2
2925	40	1	2
2926	40	1	2
2927	40	1	2
2928	33	2	2
2928	290	2	2
2928	308	2	2
2928	309	2	2
2929	33	2	2
2929	290	2	2
2929	308	2	2
2929	309	2	2
2930	33	2	2
2930	290	2	2
2930	308	2	2
2930	309	2	2
2931	33	2	2
2931	290	2	2
2931	308	2	2
2931	309	2	2
2932	33	2	2
2932	290	2	2
2932	308	2	2
2932	309	2	2
2933	33	2	2
2933	290	2	2
2933	308	2	2
2933	309	2	2
2934	33	2	2
2934	290	2	2
2934	308	2	2
2934	309	2	2
2935	33	2	2
2935	290	2	2
2935	308	2	2
2935	309	2	2
2936	33	2	2
2936	290	2	2
2936	308	2	2
2936	309	2	2
2937	33	2	2
2937	290	2	2
2937	308	2	2
2937	309	2	2
2938	33	2	2
2938	290	2	2
2938	308	2	2
2938	309	2	2
2939	33	2	2
2939	290	2	2
2939	308	2	2
2939	309	2	2
2940	33	2	2
2940	290	2	2
2940	308	2	2
2940	309	2	2
2941	33	2	2
2941	290	2	2
2941	308	2	2
2941	309	2	2
2942	290	2	2
2942	33	2	2
2942	308	2	2
2942	309	2	2
2943	33	2	2
2943	290	2	2
2943	308	2	2
2943	309	2	2
2944	33	2	2
2944	290	2	2
2944	308	2	2
2944	309	2	2
2945	33	2	2
2945	290	2	2
2945	308	2	2
2945	309	2	2
2946	310	2	2
2947	4	2	2
2948	4	2	2
2949	4	2	2
2950	4	2	2
2951	4	2	2
2952	4	2	2
2953	140	2	2
2954	140	2	2
2955	140	2	2
2956	140	2	2
2957	140	2	2
2958	140	2	2
2959	140	2	2
2960	140	2	2
2961	140	2	2
2962	140	2	2
2963	140	2	2
2964	140	2	2
2965	140	2	2
2966	140	2	2
2967	140	2	2
2968	140	2	2
2969	140	2	2
2970	140	2	2
2971	140	2	2
2972	84	2	2
2973	84	2	2
2974	84	2	2
2975	84	2	2
2976	84	2	2
2977	84	2	2
2978	84	2	2
2979	84	2	2
2980	84	2	2
2981	84	2	2
2982	84	2	2
2983	84	2	2
2984	84	2	2
2985	84	2	0
2986	84	2	2
2987	84	2	2
2988	84	2	2
2989	84	2	2
2990	156	2	2
2991	156	2	2
2992	156	2	2
2993	156	2	2
2994	156	2	2
2994	311	2	2
2995	156	2	2
2995	311	2	2
2996	156	2	2
2996	311	2	2
2997	24	1	2
2998	24	1	2
2999	24	1	2
3000	24	1	2
3001	24	1	2
3002	24	1	2
3003	24	1	2
3004	24	2	2
3005	24	2	2
3006	24	2	2
3007	24	2	2
3008	24	2	2
3009	24	2	2
3010	24	2	2
3011	24	2	2
3012	24	2	2
3013	24	2	2
3014	24	2	2
3015	24	2	2
3016	24	2	2
3017	180	1	2
3018	180	1	0
3019	180	1	2
3020	180	1	2
3021	180	1	0
3022	180	1	2
3023	180	1	2
3024	180	1	0
3025	180	1	2
3026	180	1	2
3027	180	1	0
3028	180	1	2
3029	180	1	0
3030	180	1	2
3031	180	1	2
3032	180	1	2
3033	180	1	2
3034	180	1	2
3035	180	1	0
3036	180	1	2
3037	180	1	2
3038	180	1	2
3039	180	1	2
3040	180	1	2
3041	180	1	2
3042	180	1	2
3043	180	1	2
3044	312	5	2
3045	312	5	2
3046	312	9	2
3047	313	9	2
3048	313	9	2
3049	313	9	2
3050	313	6	2
3051	313	6	2
3052	313	6	2
3053	6	2	1
3054	6	2	1
3055	6	2	1
3056	6	2	1
3057	6	2	1
3058	6	2	1
3059	6	2	1
3060	6	2	1
3061	6	2	1
3062	6	2	1
3063	6	2	1
3064	6	2	1
3065	133	1	1
3066	133	1	1
3067	133	1	1
3068	133	1	1
3069	133	1	1
3070	133	1	1
3071	133	1	1
3072	133	1	2
3073	69	2	2
3074	69	2	2
3075	69	2	2
3076	69	2	2
3077	69	2	2
3078	69	2	2
3079	69	2	2
3080	69	2	2
3081	69	2	2
3082	69	2	2
3083	20	2	2
3084	20	2	2
3085	20	2	2
3086	20	2	0
3087	20	2	2
3088	20	2	2
3089	20	2	2
3090	20	2	2
3091	20	2	2
3092	20	2	2
3093	20	2	2
3094	20	2	2
3095	2	2	2
3096	2	2	2
3097	2	2	2
3098	2	2	2
3099	2	2	2
3100	2	2	2
3101	71	2	2
3102	71	2	2
3103	71	2	2
3104	71	2	2
3105	71	2	2
3106	71	2	2
3107	89	2	2
3108	89	2	2
3109	89	2	2
3110	89	2	2
3111	89	2	2
3112	89	2	2
3113	4	4	2
3114	4	4	2
3115	4	4	2
3116	4	4	2
3117	4	4	2
3118	4	4	2
3119	4	4	2
3120	4	4	0
3121	4	4	2
3122	4	4	2
3123	4	4	2
3124	4	4	2
3125	4	4	2
3126	160	2	2
3127	160	2	2
3128	160	2	2
3129	160	1	2
3130	160	5	2
3131	160	2	2
3132	160	2	2
3133	160	2	2
3134	160	2	2
3135	160	2	2
3136	160	2	2
3137	160	2	2
3138	160	2	2
3139	160	2	0
3140	160	2	2
3141	160	2	2
3142	160	2	2
3143	160	2	2
3144	90	2	2
3145	90	2	2
3146	90	2	2
3147	90	1	2
3148	90	1	2
3149	90	1	0
3150	9	2	1
3151	17	2	2
3151	18	2	2
3152	17	2	2
3152	18	2	2
3153	17	2	2
3153	18	2	2
3154	6	2	2
3155	6	2	2
3156	6	2	2
3157	6	2	2
3158	6	2	2
3159	6	2	2
3160	6	2	2
3161	6	2	2
3162	6	2	2
3163	6	2	2
3164	6	2	2
3165	6	2	2
3166	6	2	2
3167	6	2	2
3168	6	2	2
3169	6	2	2
3170	6	2	2
3171	6	2	1
3172	6	2	2
3173	314	2	0
3173	315	2	2
3174	20	2	2
3174	30	2	2
3174	316	2	2
3174	317	2	2
3174	318	2	2
3174	319	2	2
3175	20	2	2
3176	20	2	2
3177	20	2	2
3178	20	2	2
3179	20	2	2
3180	20	2	2
3181	20	2	2
3182	20	2	2
3183	20	2	2
3184	20	2	2
3185	20	2	2
3186	20	2	2
3187	20	2	2
3188	20	2	2
3189	55	2	2
3190	182	2	2
3191	182	2	2
3192	182	2	0
3193	182	2	2
3194	147	2	2
3195	147	2	2
3196	147	2	2
3197	147	2	2
3198	147	2	2
3199	147	2	2
3200	147	2	2
3201	147	2	2
3202	147	1	2
3203	147	1	2
3204	147	1	2
3205	147	1	2
3206	320	1	2
3206	321	1	2
3207	320	1	2
3207	321	1	2
3208	320	1	2
3208	321	1	2
3209	320	1	2
3209	321	1	2
3210	320	2	2
3210	321	2	2
3211	320	2	2
3211	321	2	2
3212	320	2	2
3212	321	2	2
3213	49	1	0
3213	58	1	0
3214	49	1	0
3214	58	1	1
3215	49	1	0
3215	58	1	1
3216	49	1	1
3216	58	1	1
3217	49	1	0
3217	58	1	1
3218	49	1	0
3218	58	1	1
3219	49	1	0
3219	58	1	0
3220	49	1	2
3220	58	1	2
3221	49	1	2
3221	58	1	2
3222	64	2	2
3222	66	2	2
3222	22	2	2
3223	64	2	2
3223	66	2	2
3223	22	2	2
3224	64	2	2
3224	66	2	2
3224	22	2	2
3225	64	2	2
3225	66	2	2
3225	22	2	2
3226	64	2	2
3226	66	2	2
3226	22	2	2
3227	64	2	2
3227	66	2	2
3227	22	2	2
3228	64	2	2
3228	66	2	2
3228	22	2	2
3229	64	2	2
3229	66	2	2
3229	22	2	2
3230	64	2	2
3230	66	2	2
3230	22	2	2
3231	64	2	2
3231	66	2	2
3231	22	2	2
3232	64	2	2
3232	66	2	2
3232	22	2	2
3233	64	2	2
3233	66	2	2
3233	22	2	2
3234	64	2	2
3234	66	2	2
3234	22	2	2
3235	322	2	2
3236	322	2	2
3237	322	2	2
3238	291	1	2
3239	291	1	2
3240	291	1	2
3241	291	1	2
3242	291	1	2
3243	291	1	2
3244	291	1	2
3245	291	1	0
3246	291	1	2
3247	291	2	2
3248	291	2	2
3249	291	1	2
3250	291	1	2
3251	291	1	2
3252	291	1	2
3253	291	1	2
3254	291	1	2
3255	291	1	1
3256	147	1	2
3257	17	2	2
3257	18	2	2
3258	71	1	2
3258	72	1	2
3259	323	2	1
3260	323	2	0
3261	323	2	1
3262	9	13	0
3262	9	13	0
3263	9	13	0
3263	9	13	0
3264	9	13	0
3265	9	13	0
3266	9	13	0
3267	41	13	2
3268	41	13	2
3269	5	2	2
3270	6	2	2