1	1	1	12
2	1	2	12
3	1	3	2
4	1	4	2
5	1	5	8
6	1	6	8
7	1	7	12
8	1	8	12
9	1	9	12
10	1	10	12
11	1	11	14
12	1	11	13
13	1	11	12
14	1	12	14
15	1	12	13
16	1	12	12
17	1	13	14
18	2	13	14
19	2	11	14
20	1	14	14
21	2	14	14
22	1	15	14
23	2	15	14
24	1	16	14
25	2	16	14
26	1	17	14
27	2	17	14
28	1	18	14
29	2	18	14
30	1	19	14
31	2	19	14
32	1	20	14
33	2	20	14
34	1	21	14
35	2	21	14
36	3	22	3
37	4	23	2
38	4	11	2
39	5	0	4
40	4	24	2
41	4	25	2
42	4	15	2
43	4	26	2
44	4	27	2
45	4	13	2
46	4	14	2
47	4	15	3
48	4	23	4
49	4	15	4
50	4	28	4
51	4	29	4
52	4	28	4
53	4	28	4
54	4	23	15
55	4	11	15
56	4	14	15
57	6	30	4
58	6	31	4
59	6	14	15
60	6	27	15
61	6	25	15
62	6	23	15
63	6	15	15
64	6	26	15
65	6	32	15
66	6	33	15
67	6	27	15
68	6	27	15
69	6	27	15
70	6	27	15
71	6	27	15
72	6	27	15
73	6	27	15
74	6	27	15
75	6	11	15
76	6	1	15
77	6	34	15
78	6	35	15
79	6	36	15
80	6	37	15
81	6	38	15
82	6	39	15
83	7	27	15
84	8	27	15
85	9	27	15
86	10	27	15
87	6	27	12
88	6	27	17
89	6	27	18
90	6	27	19
91	6	27	20
92	6	27	21
93	6	27	22
94	11	24	12
95	11	25	12
96	11	23	12
97	11	15	12
98	11	26	12
99	11	27	12
100	11	32	12
101	11	33	12
102	11	40	12
103	11	41	12
104	11	11	12
105	11	42	12
106	11	43	12
107	11	43	15
108	11	44	15
109	11	45	15
110	11	46	15
111	11	47	15
112	11	33	24
113	11	43	24
114	11	47	24
115	11	48	24
116	12	48	24
117	13	48	24
118	14	48	24
119	15	48	24
120	14	48	25
121	14	48	26
122	14	48	23
123	14	48	27
124	14	48	28
125	14	49	24
126	14	50	2
127	14	48	3
128	16	51	3
129	16	52	2
130	16	53	3
131	16	27	2
132	16	26	2
133	16	15	2
134	16	23	2
135	16	25	2
136	16	24	2
137	16	26	3
138	16	54	3
139	16	15	3
140	16	26	4
141	16	54	4
142	134	55	4
143	16	23	4
144	16	25	4
145	17	15	4
146	18	56	3
147	18	57	3
148	18	58	3
149	18	59	3
150	18	60	3
151	18	61	12
152	18	62	12
153	18	63	12
154	18	64	12
155	18	65	12
156	19	51	3
157	20	0	3
158	20	66	3
159	20	24	2
160	20	25	2
161	20	23	2
162	20	15	2
163	20	25	4
164	20	23	4
165	20	15	4
166	20	28	4
167	20	28	3
168	21	12	2
169	21	67	12
170	21	68	9
171	22	69	2
172	22	70	9
173	23	1	12
174	23	9	12
175	23	71	12
176	23	72	12
177	23	73	12
178	23	74	12
179	23	75	12
180	23	76	12
181	40	11	12
182	40	77	12
183	40	78	12
184	40	79	12
185	40	11	29
186	40	80	29
187	40	81	29
188	40	82	29
189	32	83	2
190	32	84	2
191	32	85	2
192	32	86	3
193	32	87	2
194	18	88	4
195	26	24	12
196	26	25	12
197	26	23	12
198	26	15	12
199	26	26	12
200	26	27	12
201	26	89	12
202	26	13	12
203	26	11	12
204	26	14	12
205	27	90	3
206	27	91	3
207	27	92	3
208	18	93	10
209	18	94	12
210	28	95	2
211	28	96	2
212	28	97	2
213	28	98	2
214	28	99	2
215	28	100	2
216	28	101	2
217	28	102	2
218	28	103	2
219	28	104	2
220	28	105	2
221	28	106	1
222	28	107	1
223	29	108	2
224	29	109	2
225	30	110	2
226	30	111	2
227	30	112	2
228	30	113	2
229	18	114	16
230	18	114	5
231	18	115	6
232	18	116	6
233	18	117	6
234	18	118	6
235	31	0	2
236	31	119	2
237	31	120	2
238	31	121	2
239	32	122	2
240	32	123	3
241	27	124	2
242	27	125	2
243	27	126	2
244	33	127	2
245	27	128	2
246	27	129	2
247	27	130	37
248	33	131	37
249	27	132	11
250	27	133	11
251	27	134	2
252	27	135	2
253	27	136	2
254	27	137	2
255	11	138	12
256	11	139	12
257	11	140	12
258	34	141	3
259	29	142	12
260	29	143	12
261	29	23	12
262	29	89	12
263	29	144	12
264	29	9	12
265	35	89	12
266	35	144	12
267	35	13	12
268	35	145	12
269	35	11	12
270	35	12	12
271	35	146	3
272	35	147	3
273	35	148	3
274	36	11	12
275	37	1	12
276	38	149	12
277	39	150	12
278	37	9	12
279	3	151	3
280	24	152	2
281	24	153	2
282	24	154	2
283	24	5	58
284	24	153	58
285	40	155	3
286	41	85	2
287	41	156	2
288	41	157	2
289	41	158	2
290	41	159	2
291	41	160	2
292	41	161	2
293	41	162	2
294	42	163	3
295	43	163	3
296	23	11	2
297	23	81	2
298	23	164	2
299	23	165	2
300	23	13	2
301	44	166	3
302	44	167	3
303	45	168	3
304	46	85	2
305	46	169	2
306	46	170	2
307	46	171	2
308	46	172	2
309	46	159	2
310	18	173	12
311	18	174	12
312	18	175	12
313	18	176	12
314	18	177	12
315	18	116	12
316	47	152	2
317	47	178	2
318	47	179	2
319	47	180	2
320	48	181	12
321	48	182	12
322	48	183	12
323	48	184	12
324	48	152	2
325	48	178	2
326	48	179	2
327	48	180	2
328	18	185	15
329	49	14	2
330	18	186	3
331	50	187	3
332	50	188	3
333	51	13	12
334	52	2	12
335	18	114	12
336	18	189	12
337	18	114	7
338	25	190	37
339	18	191	3
340	18	191	3
341	18	192	3
342	18	193	2
343	18	115	2
344	18	115	58
345	18	194	3
346	18	195	3
347	18	195	3
348	18	196	2
349	18	174	2
350	18	88	2
351	3	188	3
352	3	188	3
353	3	22	3
354	14	48	30
355	14	48	31
356	14	48	32
357	14	48	33
358	14	48	34
359	14	48	35
360	14	48	36
361	14	197	35
362	14	198	35
363	14	199	35
364	14	200	35
365	14	201	35
366	14	202	35
367	14	203	35
368	14	199	24
369	14	199	34
370	14	199	33
371	14	199	32
372	14	199	31
373	14	199	30
374	14	199	36
375	32	204	2
376	32	205	2
377	32	206	2
378	32	207	2
379	32	208	2
380	32	209	2
381	32	210	2
382	32	211	2
383	32	212	2
384	32	213	2
385	32	214	2
386	32	11	2
387	32	214	4
388	32	215	2
389	32	216	2
390	32	217	2
391	32	218	2
392	32	219	3
393	32	220	3
394	54	211	2
395	54	205	2
396	54	206	2
397	54	207	2
398	28	221	12
399	28	222	12
400	53	182	12
401	53	181	12
402	53	184	12
403	53	183	12
404	53	178	2
405	53	152	2
406	53	180	2
407	53	179	2
408	47	182	12
409	47	181	12
410	47	184	12
411	47	183	12
412	18	193	2
413	32	223	37
414	32	224	37
415	32	225	37
416	32	226	12
417	32	227	12
418	32	228	12
419	32	229	12
420	32	230	38
421	32	231	38
422	32	232	38
423	32	233	38
424	55	211	2
425	55	205	2
426	55	206	2
427	56	234	15
428	56	235	15
429	56	236	15
430	56	237	15
431	56	238	15
432	56	239	15
433	56	240	15
434	56	241	15
435	56	242	15
436	56	243	15
437	56	244	4
438	56	245	4
439	56	246	4
440	56	247	4
441	56	248	4
442	56	249	4
443	56	250	4
444	56	251	4
445	56	252	4
446	56	253	4
447	56	254	3
448	56	255	3
449	56	256	3
450	56	257	3
451	56	258	3
452	56	259	3
453	56	260	3
454	56	261	3
455	56	262	3
456	48	263	12
457	48	264	12
458	48	265	12
459	48	266	12
460	48	267	12
461	48	268	12
462	48	269	12
463	48	270	12
464	48	271	12
465	48	137	12
466	48	272	12
467	48	143	12
468	48	20	12
469	48	142	12
470	48	273	12
471	48	274	12
472	48	275	12
473	48	276	12
474	48	277	12
475	57	28	4
476	57	278	4
477	57	279	4
478	57	31	4
479	57	280	4
480	57	31	4
481	57	281	4
482	57	282	4
483	57	283	4
484	57	284	4
485	57	285	4
486	57	286	4
487	57	287	4
488	57	27	4
489	57	26	4
490	57	279	3
491	57	279	4
492	57	279	4
493	58	279	4
494	57	279	4
495	59	279	4
496	60	279	4
497	61	279	4
498	62	193	2
499	62	174	2
500	62	173	2
501	62	288	2
502	62	116	2
503	62	115	2
504	63	193	2
505	63	174	2
506	63	173	2
507	63	288	2
508	63	116	2
509	64	273	12
510	64	142	12
511	64	20	12
512	64	143	12
513	64	272	12
514	64	137	12
515	64	271	12
516	65	273	12
517	65	142	12
518	65	20	12
519	65	143	12
520	65	272	12
521	65	137	12
522	65	271	12
523	65	289	12
524	66	273	12
525	66	142	12
526	66	20	12
527	66	143	12
528	66	272	12
529	66	137	12
530	66	271	12
531	64	267	12
532	64	266	12
533	64	265	12
534	64	264	12
535	65	267	12
536	65	266	12
537	65	265	12
538	65	264	12
539	66	267	12
540	66	266	12
541	66	265	12
542	66	264	12
543	64	290	2
544	29	290	2
545	68	291	4
546	68	292	4
547	68	293	4
548	68	294	4
549	68	295	4
550	68	296	4
551	68	297	4
552	68	29	4
553	68	28	4
554	68	0	4
555	68	298	4
556	68	297	4
557	68	29	4
558	68	28	4
559	69	157	4
560	69	156	4
561	69	85	4
562	69	299	4
563	69	161	4
564	69	300	4
565	69	157	4
566	69	300	4
567	69	26	12
568	69	23	12
569	69	14	12
570	69	11	12
571	69	205	12
572	70	301	2
573	70	302	38
574	70	302	10
575	70	303	10
576	70	304	12
577	70	41	12
578	70	305	10
579	70	306	10
580	70	307	10
581	70	271	12
582	70	272	12
583	70	20	12
584	70	33	12
585	70	27	12
586	70	15	12
587	70	25	12
588	38	308	12
589	38	266	12
590	38	264	12
591	38	273	12
592	38	143	12
593	38	289	12
594	38	309	2
595	38	310	2
596	38	311	2
597	38	312	3
598	71	151	3
599	71	313	3
600	71	314	2
601	71	315	2
602	71	316	2
603	71	317	3
604	71	187	3
605	71	318	3
606	71	319	3
607	71	188	3
608	72	151	3
609	72	313	3
610	72	314	2
611	72	315	2
612	72	316	2
613	72	317	3
614	72	187	3
615	72	318	3
616	72	319	3
617	72	188	3
618	73	298	15
619	73	273	15
620	73	142	15
621	73	20	15
622	73	272	15
623	73	23	15
624	73	15	15
625	73	26	15
626	73	27	15
627	73	308	15
628	73	268	15
629	73	320	15
630	73	13	15
631	73	11	15
632	73	143	15
633	73	23	15
634	73	15	15
635	73	26	15
636	73	27	15
637	73	32	15
638	73	33	15
639	73	1	15
640	73	9	15
641	73	2	15
642	73	142	2
643	73	20	2
644	73	143	2
645	73	272	2
646	73	137	2
647	73	25	2
648	73	23	2
649	73	15	2
650	73	18	2
651	73	19	2
652	73	321	2
653	73	322	2
654	73	323	2
655	73	13	2
656	73	11	2
657	73	14	2
658	73	324	2
659	73	325	2
660	73	326	2
661	73	327	2
662	73	328	2
663	73	329	2
664	73	25	2
665	73	23	2
666	73	15	2
667	73	26	2
668	73	32	2
669	73	11	2
670	73	14	2
671	73	12	2
672	75	330	3
673	75	331	3
674	75	332	3
675	75	333	3
676	80	334	4
677	76	334	4
678	77	334	4
679	80	335	4
680	76	335	4
681	77	335	4
682	81	334	4
683	81	336	4
684	81	337	4
685	78	334	4
686	79	307	4
687	78	336	4
688	79	336	4
689	78	337	4
690	79	337	4
691	81	88	12
692	78	88	12
693	79	88	12
694	82	338	38
695	82	339	38
696	82	340	38
697	73	143	15
698	32	341	2
699	32	108	2
700	32	342	3
701	32	52	2
702	32	51	3
703	32	343	3
704	32	344	3
705	32	0	3
706	55	11	2
707	55	23	2
708	55	52	2
709	55	51	3
710	54	23	2
711	54	52	2
712	83	322	2
713	83	345	2
714	83	346	2
715	83	239	12
716	84	325	2
717	84	324	2
718	84	347	4
719	32	159	2
720	32	348	2
721	55	159	2
722	55	348	2
723	85	349	2
724	85	350	2
725	85	351	2
726	85	352	2
727	86	353	3
728	86	354	3
729	86	23	12
730	86	40	12
731	87	355	38
732	88	356	38
733	89	357	38
734	82	356	38
735	90	358	2
736	90	359	2
737	90	360	2
738	90	361	2
739	90	311	2
740	32	27	15
741	32	9	15
742	32	122	15
743	32	157	39
744	32	362	39
745	32	363	39
746	32	290	2
747	53	364	38
748	53	365	38
749	53	366	38
750	24	1	12
751	24	80	29
752	24	367	29
753	24	86	3
754	24	86	4
755	91	158	40
756	91	33	12
757	91	158	4
758	91	362	40
759	91	9	12
760	91	362	4
761	91	368	40
762	91	369	12
763	91	368	4
764	91	370	40
765	91	371	12
766	91	370	4
767	91	372	40
768	91	373	12
769	91	372	4
770	92	158	40
771	92	33	12
772	92	158	4
773	92	6	40
774	92	2	12
775	92	6	4
776	92	374	40
777	92	375	12
778	92	374	4
779	93	300	4
780	93	376	4
781	93	377	4
782	93	378	4
783	93	379	4
784	93	380	4
785	93	299	4
786	93	85	4
787	93	156	4
788	93	381	4
789	93	382	4
790	93	383	4
791	93	384	4
792	93	381	2
793	93	382	2
794	93	383	2
795	93	384	2
796	94	11	14
797	94	385	14
798	94	386	14
799	95	122	2
800	96	122	2
801	96	26	2
802	96	387	2
803	96	388	3
804	50	389	41
805	50	390	4
806	50	298	41
807	50	391	41
808	18	392	41
809	98	393	12
810	98	394	12
811	98	395	3
812	98	396	3
813	98	397	40
814	98	398	40
815	97	394	12
816	97	399	12
817	99	11	2
818	99	12	2
819	82	400	42
820	82	400	43
821	82	356	44
822	18	114	42
823	6	401	15
824	6	402	15
825	6	403	15
826	6	404	15
827	6	405	15
828	6	406	15
829	6	407	15
830	6	408	15
831	6	409	15
832	6	410	15
833	6	411	15
834	6	412	15
835	6	413	4
836	6	414	4
837	6	415	4
838	6	416	4
839	6	417	4
840	6	418	4
841	6	419	4
842	6	420	4
843	6	421	4
844	6	422	4
845	6	423	4
846	6	424	4
847	6	401	15
848	6	402	15
849	6	403	15
850	6	404	15
851	6	405	15
852	6	406	15
853	6	407	15
854	6	408	15
855	6	409	15
856	6	410	15
857	6	411	15
858	6	412	15
859	6	401	15
860	6	402	15
861	6	403	15
862	6	404	15
863	6	405	15
864	6	406	15
865	6	407	15
866	6	408	15
867	6	409	15
868	6	410	15
869	6	411	15
870	6	412	15
871	6	401	15
872	6	402	15
873	6	403	15
874	6	404	15
875	6	405	15
876	6	406	15
877	6	407	15
878	6	408	15
879	6	409	15
880	6	410	15
881	6	411	15
882	6	412	15
883	6	401	15
884	6	402	15
885	6	403	15
886	6	404	15
887	6	405	15
888	6	406	15
889	6	407	15
890	6	408	15
891	6	409	15
892	6	410	15
893	6	411	15
894	6	412	15
895	6	401	15
896	6	402	15
897	6	403	15
898	6	404	15
899	6	405	15
900	6	406	15
901	6	407	15
902	6	408	15
903	6	409	15
904	6	410	15
905	6	411	15
906	6	412	15
907	6	425	15
908	6	426	15
909	6	427	15
910	6	428	15
911	6	429	15
912	6	430	15
913	6	431	15
914	6	432	15
915	6	433	15
916	6	434	15
917	6	435	15
918	6	436	15
919	6	437	15
920	6	438	15
921	6	439	15
922	101	9	12
923	100	9	12
924	101	440	2
925	100	440	2
926	101	1	12
927	101	2	12
928	101	7	12
929	101	441	12
930	101	442	12
931	101	443	12
932	100	442	12
933	100	443	12
934	102	23	12
935	102	444	12
936	103	445	12
937	103	446	12
938	103	447	12
939	103	322	12
940	103	238	12
941	103	346	12
942	104	40	4
943	105	448	2
944	105	449	2
945	105	450	4
946	105	451	4
947	105	452	3
948	105	453	3
949	105	454	3
950	105	455	2
951	105	456	2
952	105	457	2
953	105	458	2
954	105	459	2
955	105	460	2
956	105	461	2
957	105	116	58
958	105	459	58
959	106	462	12
960	106	463	12
961	106	463	12
962	23	464	12
963	23	465	12
964	23	466	12
965	23	467	12
966	23	468	12
967	23	469	12
968	23	470	12
969	23	471	14
970	23	472	14
971	23	473	14
972	23	471	14
973	23	472	14
974	23	473	14
975	107	474	2
976	27	475	2
977	52	476	1
978	52	6	4
979	108	477	45
980	108	478	39
981	109	267	12
982	109	266	12
983	109	265	12
984	109	264	12
985	109	479	12
986	109	480	12
987	109	481	12
988	109	482	3
989	109	483	3
990	109	484	3
991	109	485	3
992	109	486	3
993	109	487	3
994	109	488	3
995	109	489	3
996	110	490	12
997	110	491	12
998	110	492	12
999	110	12	12
1000	111	12	13
1001	110	7	12
1002	111	7	12
1003	112	159	2
1004	112	225	46
1005	112	493	46
1006	82	356	47
1007	85	494	2
1008	85	495	2
1009	85	496	2
1010	85	497	2
1011	23	32	12
1012	23	40	12
1013	23	26	12
1014	23	498	12
1015	44	499	12
1016	23	143	12
1017	53	357	38
1018	106	500	38
1019	113	501	38
1020	48	357	38
1021	53	357	47
1022	106	500	47
1023	113	501	47
1024	48	357	47
1025	53	19	48
1026	106	11	48
1027	113	502	48
1028	48	19	48
1029	48	17	48
1030	48	18	48
1031	48	321	48
1032	106	13	48
1033	114	116	48
1034	7	503	38
1035	7	364	38
1036	7	365	38
1037	7	18	48
1038	7	19	48
1039	7	321	48
1040	18	455	48
1041	116	455	48
1042	7	357	38
1043	7	504	47
1044	7	505	47
1045	7	357	47
1046	7	506	47
1047	6	357	47
1048	115	507	47
1049	10	357	47
1050	18	508	48
1051	7	357	54
1052	7	357	55
1053	7	509	49
1054	7	509	49
1055	7	509	51
1056	7	509	49
1057	7	509	51
1058	7	509	57
1059	7	510	53
1060	7	511	56
1061	7	509	50
1062	7	512	52
1063	117	513	38
1064	13	513	38
1065	118	513	38
1066	119	513	38
1067	120	513	38
1068	117	513	47
1069	117	322	48
1070	117	393	48
1071	117	514	48
1072	117	100	48
1073	117	100	48
1074	117	99	48
1075	117	102	48
1076	117	100	48
1077	117	515	48
1078	117	516	48
1079	117	517	48
1080	121	518	58
1081	122	266	2
1082	121	519	58
1083	121	520	58
1084	121	521	58
1085	121	522	58
1086	121	523	58
1087	121	524	58
1088	121	525	58
1089	121	526	58
1090	121	527	58
1091	122	142	2
1092	122	20	2
1093	122	143	2
1094	122	308	2
1095	122	272	2
1096	122	137	2
1097	122	267	2
1098	122	265	2
1099	122	264	2
1100	121	519	12
1101	121	518	12
1102	121	521	12
1103	122	308	12
1104	122	267	12
1105	122	266	12
1106	122	265	12
1107	122	264	12
1108	123	528	2
1109	123	529	2
1110	123	530	2
1111	123	531	2
1112	123	532	2
1113	123	533	2
1114	123	534	2
1115	123	535	2
1116	123	536	2
1117	123	537	2
1118	123	538	2
1119	123	539	2
1120	123	540	2
1121	123	541	2
1122	123	542	2
1123	123	543	2
1124	123	544	2
1125	123	545	2
1126	123	546	2
1127	123	547	2
1128	123	548	2
1129	123	549	2
1130	123	534	58
1131	123	535	58
1132	123	536	58
1133	123	537	58
1134	123	538	58
1135	123	539	58
1136	123	550	4
1137	123	551	4
1138	123	552	4
1139	123	553	4
1140	123	554	4
1141	123	555	4
1142	123	556	4
1143	123	557	4
1144	123	558	4
1145	123	559	4
1146	123	560	4
1147	123	561	4
1148	124	562	12
1149	124	563	12
1150	124	564	12
1151	124	565	2
1152	124	566	2
1153	124	563	12
1154	85	567	2
1155	85	568	2
1156	85	569	2
1157	85	570	2
1158	85	571	2
1159	85	572	2
1160	85	573	2
1161	85	574	2
1162	85	575	2
1163	85	576	2
1164	85	577	2
1165	85	567	58
1166	85	568	58
1167	85	569	58
1168	85	570	58
1169	85	571	58
1170	85	575	58
1171	85	576	58
1172	85	578	12
1173	85	579	12
1174	85	580	12
1175	85	581	12
1176	85	582	12
1177	85	583	12
1178	85	584	12
1179	85	585	12
1180	85	586	12
1181	85	587	12
1182	85	588	12
1183	85	573	12
1184	85	576	12
1185	85	589	12
1186	85	590	12
1187	125	591	3
1188	125	592	3
1189	125	593	3
1190	125	594	3
1191	125	595	3
1192	125	242	12
1193	125	596	12
1194	125	84	58
1195	125	84	2
1196	125	84	4
1197	1	341	58
1198	1	84	2
1199	1	242	12
1200	1	592	3
1201	1	209	2
1202	126	500	38
1203	127	500	38
1204	128	597	2
1205	128	598	3
1206	128	599	3
1207	128	600	3
1208	128	601	3
1209	128	602	3
1210	128	603	3
1211	129	12	2
1212	130	12	2
1213	131	12	2
1214	132	604	4
1215	132	605	4
1216	132	606	4
1217	132	607	4
1218	133	5	4
1219	133	362	4
1220	133	6	4
1221	134	608	2
1222	135	290	2
1223	135	387	2
1224	135	342	3
1225	136	609	3
1226	136	346	2
1227	136	610	3
1228	136	611	3
1229	136	612	3
1230	36	290	2
1231	36	290	2
1232	36	613	2
1233	36	187	3
1234	36	614	3
1235	36	188	3
1236	36	591	3
1237	36	592	3
1238	36	593	3
1239	47	11	2
1240	137	290	2
1241	138	615	2
1242	138	14	2
1243	138	26	2
1244	138	25	2
1245	139	616	2
1246	139	617	2
1247	139	174	2
1248	140	616	2
1249	140	618	2
1250	140	619	2
1251	140	620	2
1252	140	616	58
1253	140	617	2
1254	140	621	2
1255	140	193	2
1256	140	196	2
1257	140	174	2
1258	140	88	2
1259	140	173	2
1260	140	622	2
1261	140	623	2
1262	74	616	2
1263	74	616	58
1264	74	623	2
1265	74	622	2
1266	74	617	2
1267	74	621	2
1268	74	193	2
1269	74	196	2
1270	74	174	2
1271	74	88	2
1272	74	173	2
1273	73	324	48
1274	73	325	48
1275	73	18	48
1276	73	321	48
1277	73	142	48
1278	73	20	48
1279	73	143	48
1280	73	272	48
1281	73	624	59
1282	73	625	59
1283	73	626	59
1284	73	627	59
1285	73	628	59
1286	73	629	59
1287	73	630	59
1288	73	631	59
1289	141	494	2
1290	141	495	2
1291	141	496	2
1292	141	497	2
1293	141	632	2
1294	141	633	2
1295	141	634	2
1296	141	635	2
1297	141	636	2
1298	141	12	2
1299	141	221	2
1300	141	222	2
1301	141	637	2
1302	141	496	12
1303	141	497	12
1304	142	12	2
1305	142	221	2
1306	142	222	2
1307	142	637	2
1308	21	12	2
1309	21	221	2
1310	21	222	2
1311	21	637	2
1312	22	502	2
1313	22	101	2
1314	22	103	2
1315	22	105	2
1316	143	238	12
1317	144	238	12
1318	146	638	3
1319	146	639	3
1320	145	638	3
1321	145	115	2
1322	30	297	4
1323	30	28	4
1324	30	0	4
1325	85	640	4
1326	85	641	4
1327	85	642	4
1328	85	643	4
1329	85	644	4
1330	85	645	4
1331	147	12	2
1332	147	646	2
1333	147	647	2
1334	147	11	2
1335	147	14	2
1336	147	221	2
1337	147	648	2
1338	147	289	2
1339	148	11	2
1340	148	14	2
1341	148	12	2
1342	148	221	2
1343	148	508	2
1344	149	649	2
1345	150	266	2
1346	151	13	2
1347	151	11	2
1348	151	14	2
1349	153	97	2
1350	153	99	2
1351	153	97	2
1352	153	99	2
1353	152	650	2
1354	152	651	2
1355	152	652	2
1356	152	653	2
1357	154	654	4
1358	154	322	2
1359	154	655	60
1360	73	324	2
1361	155	5	2
1362	155	362	2
1363	155	6	2
1364	155	656	2
1365	155	174	2
1366	155	173	2
1367	155	115	2
1368	155	456	2
1369	156	5	2
1370	156	6	2
1371	156	174	2
1372	156	115	2
1373	155	1	12
1374	156	657	12
1375	157	1	12
1376	158	115	2
1377	159	658	2
1378	159	265	2
1379	159	267	2
1380	160	659	3
1381	160	660	3
1382	160	661	3
1383	160	660	3
1384	160	661	3
1385	160	662	3
1386	160	663	3
1387	160	664	3
1388	160	665	12
1389	160	666	12
1390	160	667	12
1391	160	668	12
1392	160	669	3
1393	160	670	3
1394	160	671	3
1395	160	672	3
1396	18	174	61
1397	161	174	2
1398	161	88	2
1399	161	173	2
1400	161	175	2
1401	161	116	2
1402	161	174	58
1403	161	88	58
1404	161	173	58
1405	161	115	58
1406	161	175	58
1407	161	116	58
1408	162	51	3
1409	162	673	3
1410	162	674	3
1411	162	26	2
1412	162	32	2
1413	162	32	2
1414	162	675	2
1415	162	676	3
1416	162	677	3
1417	162	15	58
1418	162	26	58
1419	162	32	58
1420	162	675	58
1421	162	13	58
1422	162	11	58
1423	32	678	12
1424	32	679	3
1425	32	680	3
1426	32	681	3
1427	32	682	11
1428	54	344	3
1429	193	683	12
1430	11	684	12
1431	14	685	12
1432	14	686	15
1433	14	687	12
1434	163	688	12
1435	149	309	2
1436	149	689	2
1437	149	310	2
1438	149	689	15
1439	149	310	15
1440	18	115	62
1441	164	26	62
1442	14	690	2
1443	11	691	2
1444	18	692	2
1445	18	117	2
1446	165	104	2
1447	165	102	2
1448	51	145	2
1449	18	693	2
1450	18	175	2
1451	166	322	2
1452	166	694	2
1453	167	695	2
1454	168	696	3
1455	169	697	63
1456	170	698	2
1457	166	699	2
1458	168	700	3
1459	171	700	3
1460	168	701	3
1461	172	702	3
1462	172	703	3
1463	172	704	3
1464	173	705	3
1465	173	705	4
1466	172	706	3
1467	174	138	15
1468	174	707	12
1469	174	138	12
1470	174	708	12
1471	174	709	12
1472	174	710	15
1473	175	266	2
1474	175	14	2
1475	175	12	2
1476	176	14	2
1477	29	210	2
1478	29	268	15
1479	29	142	15
1480	105	711	15
1481	105	712	15
1482	105	713	2
1483	105	713	15
1484	177	714	4
1485	177	711	15
1486	178	715	15
1487	178	716	15
1488	178	717	15
1489	178	718	15
1490	178	719	15
1491	178	720	15
1492	178	721	15
1493	178	722	15
1494	178	723	15
1495	178	724	15
1496	178	725	15
1497	178	726	15
1498	178	727	15
1499	178	728	15
1500	178	729	15
1501	178	730	15
1502	178	731	15
1503	178	732	15
1504	178	269	15
1505	178	733	15
1506	178	734	15
1507	178	735	15
1508	178	736	15
1509	179	737	2
1510	48	738	4
1511	48	739	4
1512	48	740	4
1513	48	741	4
1514	48	742	4
1515	18	743	12
1516	18	744	4
1517	18	745	4
1518	18	746	4
1519	18	747	4
1520	18	748	4
1521	18	749	4
1522	18	750	4
1523	18	751	4
1524	18	744	3
1525	18	752	3
1526	18	753	3
1527	18	754	3
1528	18	755	3
1529	50	756	4
1530	50	757	4
1531	50	758	4
1532	50	759	4
1533	50	760	4
1534	50	761	3
1535	18	762	12
1536	18	763	12
1537	24	5	2
1538	180	14	2
1539	24	764	2
1540	181	14	2
1541	175	765	3
1542	175	591	3
1543	175	26	2
1544	175	32	2
1545	175	308	2
1546	175	267	2
1547	175	265	2
1548	175	264	2
1549	175	11	2
1550	176	14	2
1551	176	11	58
1552	176	14	58
1553	176	476	3
1554	176	11	12
1555	176	14	12
1556	184	476	3
1557	184	476	64
1558	182	476	3
1559	182	476	64
1560	11	766	3
1561	11	766	64
1562	11	767	12
1563	11	768	12
1564	11	100	12
1565	11	769	12
1566	11	770	12
1567	11	771	12
1568	183	11	12
1569	183	34	12
1570	185	772	15
1571	185	773	15
1572	185	373	15
1573	186	772	15
1574	187	774	3
1575	187	775	15
1576	188	142	2
1577	188	265	58
1578	189	109	58
1579	189	24	58
1580	189	208	2
1581	189	208	58
1582	189	20	58
1583	189	776	3
1584	191	683	12
1585	11	139	15
1586	190	683	15
1587	11	767	12
1588	191	777	12
1589	192	777	12
1590	11	778	12
1591	18	779	65
1592	18	780	65
1593	194	25	2
1594	194	23	2
1595	194	15	2
1596	194	26	2
1597	194	27	2
1598	194	32	2
1599	194	11	2
1600	194	165	2
1601	194	32	58
1602	53	218	2
1603	53	781	2
1604	53	475	2
1605	53	782	2
1606	53	783	2
1607	48	218	2
1608	48	781	2
1609	48	475	2
1610	48	782	2
1611	48	783	2
1612	195	784	2
1613	195	349	2
1614	195	350	2
1615	195	351	2
1616	195	352	2
1617	196	218	2
1618	196	781	2
1619	196	475	2
1620	196	782	2
1621	196	783	2
1622	197	69	2
1623	48	785	65
1624	48	786	65
1625	198	23	2
1626	198	787	3
1627	198	11	2
1628	198	788	3
1629	198	222	2
1630	198	496	2
1631	198	497	2
1632	198	789	2
1633	198	790	3
1634	198	791	3
1635	198	792	3
1636	198	791	4
1637	198	792	4
1638	198	793	2
1639	198	794	2
1640	198	795	2
1641	198	796	2
1642	198	797	2
1643	198	798	2
1644	198	799	2
1645	198	800	2
1646	198	801	2
1647	198	802	2
1648	195	89	12
1649	199	105	12
1650	28	803	2
1651	200	804	12
1652	200	114	12
1653	200	189	12
1654	18	804	12
1655	201	805	2
1656	201	9	12
1657	202	649	12
1658	202	145	12
1659	202	358	12
1660	202	806	12
1661	202	11	12
1662	202	309	12
1663	22	343	3
1664	22	353	3
1665	22	807	3
1666	22	808	3
1667	22	809	3
1668	22	810	3
1669	22	811	2
1670	22	812	2
1671	22	813	2
1672	22	814	2
1673	22	815	2
1674	22	816	2
1675	22	817	2
1676	22	818	2
1677	22	819	2
1678	22	820	2
1679	22	821	2
1680	22	822	2
1681	22	823	2
1682	22	824	2
1683	22	825	3
1684	22	817	4
1685	22	40	12
1686	22	826	12
1687	22	827	12
1688	22	828	12
1689	189	298	2
1690	189	273	2
1691	189	142	2
1692	189	20	2
1693	189	143	2
1694	189	272	2
1695	189	137	2
1696	189	308	2
1697	189	267	2
1698	189	266	2
1699	189	265	2
1700	217	490	12
1701	217	491	12
1702	217	492	12
1703	217	14	2
1704	217	12	2
1705	217	221	2
1706	217	829	12
1707	217	234	12
1708	217	235	12
1709	217	359	12
1710	217	311	12
1711	217	649	2
1712	217	689	2
1713	217	830	2
1714	217	360	2
1715	217	311	2
1716	217	831	3
1717	217	832	3
1718	124	833	12
1719	124	566	12
1720	124	834	12
1721	124	835	12
1722	124	836	12
1723	124	837	12
1724	124	838	12
1725	124	839	12
1726	124	840	12
1727	124	565	12
1728	124	841	12
1729	124	842	12
1730	124	843	12
1731	124	844	12
1732	124	839	15
1733	124	845	15
1734	124	846	15
1735	124	847	15
1736	124	848	15
1737	124	849	15
1738	124	834	2
1739	124	835	2
1740	124	836	2
1741	124	562	2
1742	124	837	2
1743	124	838	2
1744	124	842	2
1745	124	843	2
1746	124	844	2
1747	124	850	2
1748	124	851	3
1749	124	852	3
1750	124	853	3
1751	124	854	3
1752	124	855	3
1753	124	856	3
1754	124	857	3
1755	124	858	3
1756	124	859	3
1757	124	860	3
1758	124	861	3
1759	219	862	3
1760	219	168	3
1761	219	863	3
1762	219	53	3
1763	219	864	3
1764	219	865	3
1765	219	866	3
1766	219	867	3
1767	219	868	3
1768	231	862	3
1769	231	168	3
1770	231	863	3
1771	231	53	3
1772	231	864	3
1773	231	865	3
1774	231	866	3
1775	231	867	3
1776	231	868	3
1777	256	869	12
1778	256	267	12
1779	256	266	12
1780	256	289	12
1781	256	870	12
1782	256	870	15
1783	243	9	12
1784	243	40	12
1785	243	9	12
1786	243	40	12
1787	243	871	12
1788	243	872	12
1789	18	114	12
1790	18	114	12
1791	18	114	12
1792	18	114	12
1793	18	873	12
1794	18	874	12
1795	18	875	12
1796	18	875	12
1797	18	876	12
1798	251	193	2
1799	251	196	2
1800	251	174	2
1801	251	88	2
1802	251	173	2
1803	251	657	2
1804	251	175	2
1805	251	116	2
1806	35	211	2
1807	35	205	2
1808	35	206	2
1809	179	877	2
1810	179	878	2
1811	179	879	2
1812	35	880	2
1813	35	737	2
1814	35	881	2
1815	179	880	2
1816	179	881	2
1817	179	882	2
1818	179	883	2
1819	179	884	3
1820	179	885	3
1821	179	886	3
1822	179	887	3
1823	179	888	3
1824	179	889	3
1825	252	1	2
1826	252	2	2
1827	262	264	2
1828	262	18	48
1829	213	5	4
1830	213	362	4
1831	213	6	4
1832	213	14	2
1833	213	221	2
1834	213	637	2
1835	213	890	2
1836	220	205	2
1837	220	206	2
1838	220	207	2
1839	220	891	2
1840	240	892	2
1841	240	893	2
1842	240	894	2
1843	264	895	3
1844	214	0	3
1845	214	66	3
1846	214	896	3
1847	214	897	3
1848	214	168	3
1849	214	53	3
1850	214	86	3
1851	214	476	3
1852	214	193	2
1853	214	196	2
1854	214	174	2
1855	214	173	2
1856	214	203	3
1857	214	898	3
1858	214	899	2
1859	86	52	2
1860	86	23	2
1861	86	15	2
1862	86	25	2
1863	86	900	2
1864	86	901	2
1865	86	52	2
1866	203	902	3
1867	203	903	2
1868	203	904	2
1869	203	905	2
1870	203	906	2
1871	203	907	2
1872	203	908	2
1873	203	909	2
1874	203	910	2
1875	203	911	3
1876	203	912	3
1877	203	913	3
1878	203	914	3
1879	203	915	3
1880	203	916	3
1881	246	917	3
1882	246	918	3
1883	246	919	3
1884	246	920	3
1885	246	921	3
1886	203	903	25
1887	203	904	25
1888	203	905	25
1889	203	922	12
1890	203	923	12
1891	203	924	12
1892	203	925	15
1893	203	922	15
1894	203	926	15
1895	203	927	15
1896	203	928	15
1897	203	929	15
1898	259	343	3
1899	259	51	3
1900	259	342	3
1901	259	29	4
1902	259	28	4
1903	259	930	4
1904	259	930	4
1905	259	29	3
1906	259	28	3
1907	259	930	3
1908	259	930	3
1909	259	863	3
1910	259	864	3
1911	259	866	3
1912	259	868	3
1913	259	86	3
1914	259	476	3
1915	259	931	3
1916	259	932	3
1917	259	933	3
1918	259	934	3
1919	206	109	2
1920	206	204	2
1921	206	83	2
1922	206	212	2
1923	206	341	2
1924	206	208	2
1925	206	109	2
1926	206	204	2
1927	206	83	2
1928	206	212	2
1929	206	341	2
1930	206	208	2
1931	206	935	3
1932	206	936	3
1933	206	591	3
1934	206	937	3
1935	206	938	3
1936	206	939	3
1937	206	935	3
1938	206	936	3
1939	206	591	3
1940	206	937	3
1941	206	938	3
1942	206	939	3
1943	218	143	12
1944	218	304	12
1945	218	269	12
1946	225	143	12
1947	225	304	12
1948	225	269	12
1949	233	196	2
1950	233	174	2
1951	233	88	2
1952	233	657	2
1953	233	115	2
1954	233	940	3
1955	233	639	3
1956	233	195	3
1957	233	941	3
1958	233	942	3
1959	233	943	3
1960	233	944	3
1961	233	945	3
1962	233	191	3
1963	233	946	3
1964	233	947	3
1965	233	948	3
1966	233	949	3
1967	233	950	3
1968	233	116	2
1969	233	173	2
1970	29	360	2
1971	29	311	2
1972	29	951	2
1973	29	309	2
1974	29	649	2
1975	29	689	2
1976	29	830	2
1977	29	952	2
1978	29	953	2
1979	29	954	2
1980	29	955	2
1981	29	956	2
1982	29	957	2
1983	29	958	2
1984	29	959	2
1985	29	960	2
1986	29	961	2
1987	29	962	3
1988	29	963	3
1989	29	964	3
1990	29	965	3
1991	29	966	3
1992	29	967	3
1993	211	156	4
1994	211	157	4
1995	211	26	12
1996	211	27	12
1997	211	968	4
1998	211	969	4
1999	211	970	4
2000	211	11	12
2001	211	14	12
2002	211	12	12
2003	238	971	3
2004	258	344	3
2005	258	343	3
2006	258	51	3
2007	258	353	3
2008	258	972	3
2009	258	973	3
2010	258	123	3
2011	258	974	3
2012	257	975	2
2013	257	976	2
2014	257	977	2
2015	257	978	15
2016	257	979	15
2017	257	980	15
2018	257	981	15
2019	32	143	2
2020	32	18	2
2021	32	19	2
2022	32	982	2
2023	32	983	2
2024	32	984	2
2025	32	985	2
2026	32	986	2
2027	32	987	2
2028	32	988	2
2029	32	27	12
2030	32	1	12
2031	32	9	12
2032	32	72	12
2033	32	32	29
2034	32	11	29
2035	32	14	29
2036	32	183	29
2037	32	11	13
2038	32	11	14
2039	32	476	49
2040	32	989	10
2041	239	638	3
2042	239	942	3
2043	239	943	3
2044	239	990	3
2045	239	991	3
2046	239	116	12
2047	239	508	12
2048	122	479	2
2049	122	992	2
2050	122	993	2
2051	205	994	2
2052	205	995	2
2053	205	996	2
2054	205	997	2
2055	205	998	2
2056	205	342	3
2057	205	999	12
2058	205	1000	12
2059	205	1001	2
2060	122	1002	2
2061	122	1003	2
2062	122	1004	3
2063	122	1005	2
2064	122	1006	2
2065	122	1007	4
2066	28	1008	1
2067	28	1009	1
2068	28	25	45
2069	244	1010	2
2070	261	1010	2
2071	261	474	2
2072	261	1011	2
2073	121	1012	12
2074	121	1013	12
2075	121	463	12
2076	160	1014	2
2077	160	1015	2
2078	160	1016	2
2079	160	1017	2
2080	160	1018	2
2081	160	1019	2
2082	160	1020	2
2083	160	1021	2
2084	160	1022	3
2085	160	1023	2
2086	160	1024	2
2087	160	1025	2
2088	160	1026	2
2089	160	1027	2
2090	160	1014	2
2091	160	1028	3
2092	160	1029	3
2093	160	1030	3
2094	230	1031	2
2095	230	1031	2
2096	230	1031	2
2097	146	173	15
2098	146	114	15
2099	22	1032	4
2100	22	1033	4
2101	22	1034	4
2102	204	1035	15
2103	245	1036	2
2104	245	204	2
2105	245	1037	2
2106	245	1038	2
2107	232	1036	2
2108	232	1039	2
2109	232	23	2
2110	264	1040	38
2111	269	500	38
2112	268	1041	38
2113	237	342	3
2114	237	290	2
2115	237	1042	2
2116	237	32	2
2117	242	673	3
2118	226	342	3
2119	215	1043	4
2120	215	1044	4
2121	174	1045	4
2122	215	1046	4
2123	215	1047	4
2124	215	1048	4
2125	215	1043	66
2126	215	1049	4
2127	215	1050	4
2128	215	1051	4
2129	215	1052	66
2130	215	1053	4
2131	94	1054	14
2132	94	1055	14
2133	94	1056	14
2134	94	1057	14
2135	221	1058	3
2136	229	1058	3
2137	247	1059	15
2138	253	27	15
2139	265	23	2
2140	207	1060	3
2141	207	15	15
2142	260	593	3
2143	48	593	3
2144	210	168	3
2145	222	1061	3
2146	222	1062	3
2147	222	1063	3
2148	222	1064	3
2149	222	1065	15
2150	222	1066	15
2151	222	1067	48
2152	223	11	12
2153	205	1068	2
2154	205	1068	4
2155	160	1069	2
2156	205	11	15
2157	235	238	15
2158	121	1070	3
2159	71	1071	2
2160	209	11	15
2161	67	11	15
2162	53	614	3
2163	53	592	3
2164	266	1072	3
2165	250	369	15
2166	104	145	15
2167	104	673	3
2168	224	100	15
2169	234	11	15
2170	249	1073	15
2171	227	973	3
2172	241	342	3
2173	227	11	15
2174	227	26	15
2175	241	26	15
2176	263	26	15
2177	67	1074	3
2178	228	1075	2
2179	71	32	2
2180	210	86	3
2181	210	15	15
2182	248	1076	2
2183	196	1077	3
2184	212	1078	3
2185	236	1079	3
2186	255	1080	3
2187	248	342	3
2188	67	613	2
2189	67	1081	3
2190	67	1076	2
2191	67	1082	3
2192	67	290	2
2193	196	290	2
2194	216	290	2
2195	254	344	3
2196	267	996	2
2197	267	996	2
2198	208	308	2
2199	95	14	12
2200	270	267	2
2201	270	265	2
2202	270	298	2
2203	270	20	12
2204	270	271	12
2205	270	267	2
2206	270	265	2
2207	270	1083	2
2208	270	1084	2
2209	270	298	2
2210	270	142	2
2211	270	143	2
2212	270	1085	2
2213	270	1086	2
2214	270	1087	2
2215	270	142	2
2216	270	143	2
2217	270	298	4
2218	270	142	4
2219	270	20	4
2220	270	143	4
2221	270	272	4
2222	270	28	4
2223	270	278	4
2224	270	279	4
2225	270	31	4
2226	270	1088	4
2227	271	298	2
2228	271	273	2
2229	271	142	2
2230	271	20	2
2231	271	143	2
2232	271	272	2
2233	272	1089	2
2234	272	1090	2
2235	272	729	2
2236	272	993	2
2237	272	1091	3
2238	272	1092	3
2239	272	1093	3
2240	272	1094	3
2241	272	1095	2
2242	272	1096	2
2243	272	725	2
2244	272	726	2
2245	272	1097	2
2246	272	1098	2
2247	273	341	2
2248	274	51	3
2249	274	353	3
2250	274	342	3
2251	274	1060	3
2252	274	973	3
2253	274	123	3
2254	274	353	3
2255	275	1060	3
2256	50	1099	67
2257	50	1099	68
2258	14	1099	67
2259	276	20	2
2260	276	143	2
2261	276	272	2
2262	276	1100	2
2263	276	1101	2
2264	276	299	2
2265	276	85	2
2266	276	156	2
2267	276	157	2
2268	276	299	4
2269	276	85	4
2270	276	156	4
2271	276	291	3
2272	276	292	3
2273	276	293	3
2274	276	20	12
2275	277	1102	2
2276	277	345	2
2277	277	1103	2
2278	277	1104	2
2279	277	1105	2
2280	277	1102	12
2281	277	322	12
2282	277	346	12
2283	277	0	12
2284	277	445	12
2285	277	446	12
2286	277	447	12
2287	277	55	12
2288	277	654	12
2289	277	1105	12
2290	277	1106	10
2291	277	1107	10
2292	277	1108	10
2293	278	97	12
2294	278	99	12
2295	278	100	12
2296	278	102	12
2297	278	104	12
2298	278	1109	12
2299	278	1110	12
2300	14	196	58
2301	14	174	58
2302	14	88	58
2303	14	173	58
2304	14	657	58
2305	14	115	58
2306	14	1111	58
2307	14	1112	58
2308	14	1065	58
2309	14	1066	58
2310	14	88	2
2311	14	173	2
2312	14	1111	2
2313	14	1112	2
2314	14	1066	2
2315	14	1113	3
2316	14	1114	3
2317	14	1115	3
2318	14	1116	3
2319	14	1117	3
2320	14	1118	3
2321	14	1119	3
2322	14	1120	3
2323	14	1121	3
2324	14	1052	3
2325	14	1122	3
2326	14	1123	3
2327	14	1124	3
2328	14	1125	3
2329	14	1126	3
2330	14	1127	3
2331	14	1128	58
2332	14	1129	58
2333	14	1116	3
2334	14	1116	3
2335	14	1116	3
2336	14	1116	3
2337	14	1116	3
2338	18	1130	12
2339	18	185	12
2340	18	138	12
2341	18	707	15
2342	18	1131	12
2343	18	707	12
2344	279	13	12
2345	279	806	12
2346	279	1132	12
2347	279	1133	12
2348	279	292	4
2349	279	1134	4
2350	279	1135	4
2351	279	1136	4
2352	279	292	4
2353	279	1134	4
2354	279	1135	4
2355	279	1136	4
2356	279	292	4
2357	279	1134	4
2358	279	1135	4
2359	279	1136	4
2360	279	292	4
2361	279	1134	4
2362	279	1135	4
2363	279	1136	4
2364	52	1137	69
2365	52	6	45
2366	108	476	1
2367	108	6	45
2368	108	1138	45
2369	108	1139	45
2370	108	1140	45
2371	108	1141	45
2372	108	1142	45
2373	108	1143	45
2374	108	1144	45
2375	108	1145	45
2376	108	478	45
2377	108	1146	70
2378	108	1147	71
2379	108	1148	72
2380	108	1148	73
2381	73	518	15
2382	73	520	15
2383	73	522	15
2384	73	523	15
2385	73	1149	15
2386	73	1150	15
2387	73	1151	15
2388	73	1152	15
2389	73	1149	15
2390	73	1149	15
2391	66	308	2
2392	66	267	2
2393	66	266	2
2394	66	265	2
2395	66	264	2
2396	66	298	2
2397	66	273	2
2398	66	142	2
2399	66	20	2
2400	66	143	2
2401	66	272	2
2402	281	348	2
2403	281	161	2
2404	281	1153	2
2405	281	162	2
2406	281	1154	2
2407	281	382	2
2408	281	383	2
2409	281	1155	2
2410	281	1156	12
2411	281	1157	12
2412	281	1158	12
2413	281	1159	12
2414	281	1160	12
2415	281	1161	12
2416	281	1162	12
2417	281	1163	12
2418	281	1164	12
2419	86	27	12
2420	86	32	12
2421	86	33	12
2422	86	646	12
2423	86	1165	12
2424	86	1166	12
2425	86	1167	12
2426	86	1168	12
2427	86	1169	12
2428	86	1170	12
2429	86	490	12
2430	86	1171	12
2431	86	27	12
2432	86	40	12
2433	86	1170	12
2434	86	1168	12
2435	282	27	12
2436	282	40	12
2437	282	1170	12
2438	86	41	12
2439	86	41	14
2440	86	1172	12
2441	86	1173	12
2442	231	447	2
2443	231	1102	2
2444	231	655	3
2445	231	612	3
2446	231	1070	3
2447	231	254	3
2448	231	463	12
2449	231	1174	12
2450	231	772	12
2451	231	1175	12
2452	231	138	12
2453	231	345	12
2454	231	346	12
2455	283	972	3
2456	283	123	3
2457	284	972	3
2458	284	123	3
2459	285	972	3
2460	285	123	3
2461	286	972	3
2462	286	123	3
2463	283	342	3
2464	283	342	3
2465	285	342	3
2466	285	342	3
2467	285	1176	3
2468	285	1176	3
2469	285	980	2
2470	285	53	3
2471	285	53	3
2472	286	1176	3
2473	286	1176	3
2474	286	980	2
2475	286	1177	3
2476	286	1178	3
2477	286	53	3
2478	286	1179	3
2479	286	1180	3
2480	286	1181	3
2481	286	1182	3
2482	286	1183	3
2483	286	1184	4
2484	286	1180	4
2485	286	1179	4
2486	286	1177	4
2487	286	1178	4
2488	286	980	4
2489	286	1185	4
2490	286	1186	4
2491	286	1187	4
2492	286	1188	4
2493	286	1189	4
2494	286	1189	4
2495	287	196	58
2496	287	174	58
2497	287	88	58
2498	287	173	58
2499	287	657	58
2500	287	115	58
2501	287	1190	58
2502	287	1191	58
2503	287	1192	58
2504	287	1111	58
2505	287	1112	58
2506	287	1065	58
2507	287	1066	58
2508	287	1116	3
2509	287	1115	3
2510	287	1121	3
2511	287	1114	3
2512	287	1113	3
2513	288	1121	3
2514	289	1121	3
2515	290	1121	3
2516	291	1121	3
2517	292	1121	3
2518	293	1121	3
2519	294	1121	3
2520	295	1121	3
2521	296	1121	3
2522	294	1116	3
2523	294	1052	3
2524	294	1115	3
2525	294	1114	3
2526	294	1113	3
2527	294	1193	3
2528	294	1194	3
2529	13	1115	3
2530	11	1115	3
2531	12	1115	3
2532	270	0	3
2533	270	109	2
2534	270	83	2
2535	270	341	2
2536	270	0	3
2537	270	109	2
2538	270	83	2
2539	270	341	2
2540	262	265	2
2541	262	266	2
2542	262	267	2
2543	262	308	2
2544	262	0	3
2545	262	0	3
2546	262	193	2
2547	262	1195	12
2548	104	1196	12
2549	104	829	12
2550	104	830	12
2551	104	360	12
2552	104	361	12
2553	104	311	12
2554	104	951	12
2555	104	1197	12
2556	104	1198	12
2557	104	1198	15
2558	104	1199	15
2559	104	309	2
2560	104	649	2
2561	104	689	2
2562	104	830	2
2563	104	310	2
2564	104	358	2
2565	104	359	2
2566	104	360	2
2567	104	361	2
2568	104	311	2
2569	104	1200	2
2570	104	951	2
2571	104	1201	2
2572	104	1197	3
2573	104	951	4
2574	104	312	3
2575	297	1202	12
2576	297	1203	12
2577	297	1204	12
2578	297	1205	12
2579	297	1206	12
2580	297	1207	12
2581	297	1208	12
2582	297	1209	12
2583	297	1210	12
2584	297	1211	12
2585	297	1212	12
2586	297	1213	12
2587	297	1214	12
2588	297	1215	12
2589	297	1216	12
2590	297	1217	12
2591	297	1218	12
2592	297	1219	12
2593	297	1203	2
2594	297	1205	2
2595	297	1207	2
2596	297	1208	2
2597	297	1209	2
2598	297	1211	2
2599	297	1212	2
2600	297	1213	2
2601	297	1214	2
2602	297	1215	2
2603	297	1216	2
2604	297	1217	2
2605	133	1220	12
2606	133	1221	12
2607	133	1222	12
2608	133	1223	12
2609	133	1224	12
2610	133	26	12
2611	133	1225	12
2612	133	1226	12
2613	133	27	12
2614	133	596	12
2615	133	341	12
2616	133	341	12
2617	133	1227	12
2618	133	1228	12
2619	298	26	12
2620	299	26	12
2621	299	27	12
2622	299	212	12
2623	299	341	12
2624	299	596	12
2625	299	27	15
2626	300	27	15
2627	301	15	15
2628	301	26	15
2629	301	27	15
2630	301	32	15
2631	301	33	15
2632	301	40	15
2633	301	41	15
2634	301	1	15
2635	301	11	15
2636	301	14	15
2637	301	359	15
2638	301	1229	15
2639	301	1230	15
2640	301	1231	15
2641	301	1232	15
2642	301	1233	15
2643	302	23	2
2644	302	26	2
2645	302	1172	2
2646	302	1234	2
2647	302	1235	2
2648	302	1236	2
2649	302	1236	2
2650	302	1236	2
2651	302	1236	2
2652	302	1236	2
2653	302	1236	2
2654	302	1236	2
2655	302	1236	2
2656	302	1236	2
2657	302	1236	2
2658	303	1237	3
2659	304	174	2
2660	304	174	2
2661	304	193	2
2662	304	196	2
2663	303	109	2
2664	305	143	2
2665	305	137	2
2666	305	271	2
2667	305	304	2
2668	306	173	2
2669	306	193	2
2670	306	196	2
2671	306	174	2
2672	306	88	2
2673	306	657	2
2674	306	115	2
2675	306	1191	2
2676	306	175	2
2677	306	116	2
2678	307	1238	2
2679	307	1239	12
2680	308	206	2
2681	308	1240	12
2682	309	862	3
2683	309	863	3
2684	309	53	3
2685	309	864	3
2686	309	865	3
2687	309	866	3
2688	309	867	3
2689	309	51	3
2690	309	22	3
2691	309	628	3
2692	309	629	3
2693	309	630	3
2694	309	631	3
2695	309	298	4
2696	309	20	4
2697	309	143	4
2698	309	1241	4
2699	48	308	2
2700	48	267	2
2701	48	266	2
2702	48	265	2
2703	48	264	2
2704	48	142	2
2705	48	20	2
2706	48	272	2
2707	48	1242	3
2708	48	298	2
2709	48	22	3
2710	48	273	3
2711	48	1243	3
2712	48	1244	3
2713	48	1242	4
2714	48	1244	4
2715	48	23	2
2716	48	299	2
2717	48	20	4
2718	48	1038	4
2719	310	1245	2
2720	310	1246	2
2721	310	1247	2
2722	310	1248	2
2723	310	1249	2
2724	310	1250	2
2725	310	393	2
2726	310	1251	2
2727	310	1252	2
2728	310	1253	2
2729	310	1254	10
2730	310	1255	10
2731	310	1256	10
2732	310	1257	10
2733	310	1258	10
2734	310	1259	10
2735	310	1260	10
2736	310	1261	10
2737	310	1262	10
2738	310	1263	10
2739	311	944	3
2740	311	191	3
2741	311	1264	3
2742	311	1265	3
2743	313	225	4
2744	312	1266	4
2745	312	1267	3
2746	312	1268	12
2747	312	1269	12
2748	313	205	2
2749	313	206	2
2750	313	207	2
2751	313	891	2
2752	313	1270	2
2753	313	1271	2
2754	313	1272	2
2755	313	1273	2
2756	313	1274	2
2757	313	1275	2
2758	313	495	2
2759	313	496	2
2760	313	497	2
2761	313	632	2
2762	313	1276	2
2763	312	127	2
2764	312	1238	2
2765	312	69	2
2766	312	1277	2
2767	312	1278	2
2768	312	127	2
2769	312	1238	2
2770	312	69	2
2771	312	1277	2
2772	312	1278	2
2773	314	1279	4
2774	314	473	4
2775	314	1280	4
2776	314	1281	4
2777	314	1282	4
2778	314	1283	4
2779	314	1284	4
2780	314	1285	4
2781	314	1286	4
2782	314	1287	4
2783	314	1279	4
2784	314	473	4
2785	314	1280	4
2786	314	1281	4
2787	314	1282	4
2788	314	1283	4
2789	314	1284	4
2790	314	1285	4
2791	314	1286	4
2792	314	1287	4
2793	315	29	4
2794	315	28	4
2795	315	278	4
2796	315	29	4
2797	315	28	4
2798	315	278	4
2799	315	29	4
2800	315	28	4
2801	315	278	4
2802	315	279	4
2803	315	31	4
2804	315	1088	4
2805	315	280	4
2806	315	278	4
2807	315	278	4
2808	315	1288	4
2809	315	1289	4
2810	315	1290	4
2811	315	282	4
2812	315	1291	4
2813	315	1292	4
2814	315	1293	4
2815	315	1294	4
2816	315	1295	4
2817	315	1296	4
2818	315	1297	4
2819	315	1298	4
2820	315	1299	4
2821	315	1300	4
2822	315	278	4
2823	315	278	4
2824	315	278	4
2825	315	278	4
2826	315	278	4
2827	315	278	4
2828	315	278	4
2829	316	145	12
2830	317	193	2
2831	317	174	2
2832	317	116	2
2833	317	455	2
2834	317	508	2
2835	317	1301	2
2836	317	1302	2
2837	317	1303	2
2838	318	447	2
2839	318	322	2
2840	318	345	2
2841	318	346	2
2842	318	1103	2
2843	319	211	2
2844	319	205	2
2845	319	206	2
2846	319	207	2
2847	319	891	2
2848	320	1304	2
2849	320	1305	3
2850	320	1306	3
2851	320	1307	3
2852	320	1308	74
2853	320	1305	74
2854	320	1305	74
2855	320	1306	74
2856	320	1307	74
2857	320	1309	74
2858	320	1310	74
2859	320	1311	74
2860	321	15	15
2861	321	15	15
2862	64	15	15
2863	64	15	15
2864	64	25	15
2865	64	23	15
2866	64	26	15
2867	64	27	15
2868	64	32	15
2869	322	279	4
2870	323	1312	60
2871	323	1313	3
2872	323	594	60
2873	323	1314	60
2874	323	258	60
2875	324	1312	60
2876	324	1313	3
2877	324	1314	60
2878	323	462	15
2879	323	24	15
2880	323	25	15
2881	323	15	15
2882	323	109	15
2883	323	1102	15
2884	323	212	15
2885	323	212	15
2886	325	1315	12
2887	237	2	15
2888	237	40	15
2889	237	1	15
2890	237	89	15
2891	237	24	15
2892	237	462	15
2893	18	1316	3
2894	18	1317	2
2895	18	1316	74
2896	18	1318	74
2897	18	186	74
2898	18	943	74
2899	18	186	74
2900	18	943	74
2901	326	1319	2
2902	326	1320	2
2903	326	1321	2
2904	326	1322	2
2905	326	1323	2
2906	326	1324	2
2907	327	979	2
2908	327	518	2
2909	327	980	2
2910	327	1325	2
2911	327	1326	2
2912	327	1327	2
2913	327	1328	2
2914	327	1329	2
2915	328	1330	12
2916	328	1331	12
2917	328	1332	12
2918	328	1333	12
2919	328	1334	12
2920	328	1335	12
2921	328	1336	12
2922	328	1337	12
2923	328	1338	12
2924	328	1339	12
2925	328	1340	12
2926	328	1341	12
2927	328	1342	12
2928	329	1343	4
2929	329	172	4
2930	329	348	4
2931	329	159	4
2932	329	1344	4
2933	329	1345	4
2934	329	1346	4
2935	329	1347	4
2936	329	1348	4
2937	329	1349	4
2938	329	1350	4
2939	329	1351	4
2940	329	1352	4
2941	329	1353	4
2942	329	1354	4
2943	329	1355	4
2944	329	1356	4
2945	329	1357	4
2946	330	677	3
2947	331	116	2
2948	331	455	2
2949	331	508	2
2950	331	1358	2
2951	331	1359	2
2952	331	115	2
2953	332	23	2
2954	332	15	2
2955	332	26	2
2956	332	27	2
2957	332	32	2
2958	332	33	2
2959	332	29	3
2960	332	28	3
2961	332	278	3
2962	332	29	3
2963	332	28	3
2964	332	278	3
2965	332	935	3
2966	332	936	3
2967	332	937	3
2968	332	938	3
2969	332	1360	3
2970	332	962	3
2971	332	963	3
2972	333	358	2
2973	333	359	2
2974	333	360	2
2975	333	361	2
2976	333	311	2
2977	333	1361	2
2978	333	1362	2
2979	333	1363	2
2980	333	1364	2
2981	333	1365	2
2982	333	445	2
2983	333	446	2
2984	333	447	2
2985	333	654	2
2986	333	1366	2
2987	333	1367	2
2988	333	1368	2
2989	333	1369	2
2990	220	1370	3
2991	220	1370	3
2992	220	1371	3
2993	220	1371	3
2994	334	1372	3
2995	334	1371	3
2996	334	1373	3
2997	138	25	12
2998	138	1229	12
2999	138	1374	12
3000	138	1375	12
3001	138	1376	12
3002	138	1377	12
3003	138	1378	12
3004	138	1379	2
3005	138	1380	2
3006	138	1381	2
3007	138	1382	2
3008	138	1383	2
3009	138	1378	2
3010	138	1384	2
3011	138	1385	2
3012	138	1386	2
3013	138	1387	2
3014	138	1388	2
3015	138	1389	2
3016	138	1390	2
3017	204	95	15
3018	204	1013	15
3019	204	1391	15
3020	204	0	15
3021	204	1073	15
3022	204	1392	15
3023	204	1073	15
3024	204	1073	15
3025	204	1073	15
3026	204	1073	15
3027	204	1073	15
3028	204	1073	15
3029	204	1073	15
3030	204	1073	15
3031	204	1073	15
3032	204	1073	15
3033	204	1073	15
3034	204	1073	15
3035	204	1073	15
3036	204	1073	15
3037	204	1073	15
3038	204	1073	15
3039	204	95	14
3040	204	1013	14
3041	204	1073	14
3042	204	1393	14
3043	204	1394	14
3044	335	1395	38
3045	335	500	38
3046	335	1395	47
3047	335	13	48
3048	335	11	48
3049	335	14	48
3050	335	705	49
3051	335	86	49
3052	335	476	49
3053	336	1396	75
3054	337	1397	75
3055	337	1396	75
3056	336	1398	75
3057	338	1397	75
3058	338	1399	3
3059	336	1400	75
3060	336	1401	76
3061	336	1402	75
3062	336	1403	75
3063	336	1404	75
3064	336	1404	76
3065	339	1391	12
3066	339	1391	15
3067	339	1405	12
3068	339	1405	15
3069	339	1391	12
3070	339	1391	15
3071	339	1391	15
3072	339	1391	15
3073	341	1304	2
3074	341	1406	4
3075	341	1407	2
3076	341	1408	2
3077	341	1406	2
3078	341	1409	2
3079	341	1410	2
3080	341	1411	2
3081	341	1412	2
3082	340	1304	2
3083	342	1413	2
3084	342	1414	58
3085	342	1414	2
3086	342	1415	2
3087	342	893	58
3088	342	1416	3
3089	342	1417	58
3090	342	1418	58
3091	342	1419	3
3092	342	1420	3
3093	342	1421	58
3094	342	1422	77
3095	343	1423	78
3096	1	1423	78
3097	344	1424	78
3098	345	1425	78
3099	344	1426	79
3100	346	1426	79
3101	347	1427	3
3102	348	1428	3
3103	348	1429	3
3104	349	1430	80
3105	348	1427	3
3106	350	1431	74
3107	351	1432	2
3108	351	1433	2
3109	351	1434	4
3110	351	1434	4
3111	351	1433	2
3112	351	1434	4
3113	68	33	9
3114	68	1435	9
3115	68	1436	9
3116	68	1437	9
3117	68	1438	9
3118	68	1439	9
3119	68	1440	9
3120	352	1441	9
3121	352	1442	9
3122	352	1443	9
3123	353	1441	46
3124	354	1441	37
3125	353	1441	37
3126	355	1444	2
3127	355	1444	4
3128	355	86	3
3129	355	11	12
3130	355	500	38
3131	355	1445	2
3132	355	805	2
3133	355	1446	2
3134	355	1447	2
3135	355	1448	2
3136	355	1100	2
3137	355	299	2
3138	355	85	2
3139	355	156	2
3140	355	1449	2
3141	355	1450	2
3142	355	1451	2
3143	355	1452	2
3144	356	1453	2
3145	356	116	2
3146	356	196	2
3147	356	657	12
3148	356	1191	12
3149	356	1191	12
3150	164	1454	4
3151	32	248	4
3152	32	1455	3
3153	32	765	3
3154	11	11	2
3155	11	14	2
3156	11	26	2
3157	11	32	2
3158	11	40	2
3159	11	1456	2
3160	11	1457	2
3161	11	1458	2
3162	11	1459	2
3163	11	1460	2
3164	11	1461	2
3165	11	1462	2
3166	11	1463	2
3167	11	1464	2
3168	11	1465	2
3169	11	1466	3
3170	11	1466	4
3171	11	1467	3
3172	11	1468	3
3173	357	173	2
3174	160	1469	4
3175	160	15	2
3176	160	15	58
3177	160	26	2
3178	160	26	58
3179	160	27	58
3180	160	32	2
3181	160	32	58
3182	160	33	2
3183	160	33	58
3184	160	40	2
3185	160	40	58
3186	160	41	2
3187	160	41	58
3188	160	11	58
3189	38	805	4
3190	358	55	2
3191	358	1470	2
3192	358	1471	2
3193	358	1471	2
3194	149	1472	2
3195	149	1473	2
3196	149	311	2
3197	149	1474	3
3198	149	260	3
3199	149	1475	3
3200	149	1476	3
3201	149	1477	3
3202	149	649	15
3203	149	830	15
3204	149	1478	15
3205	149	1200	15
3206	359	114	12
3207	359	189	12
3208	359	1479	12
3209	359	1480	12
3210	359	116	2
3211	359	455	2
3212	359	1481	2
3213	73	1482	15
3214	73	1483	15
3215	73	1484	15
3216	73	1485	15
3217	73	1486	15
3218	73	1487	15
3219	73	1488	15
3220	73	1485	15
3221	73	1485	15
3222	360	85	4
3223	360	156	4
3224	360	157	4
3225	360	1449	4
3226	360	156	2
3227	360	1489	4
3228	360	676	4
3229	360	677	4
3230	360	1489	2
3231	361	1490	4
3232	361	1490	3
3233	360	1490	4
3234	360	1490	3
3235	362	23	2
3236	362	165	2
3237	362	1491	2
3238	277	1492	12
3239	277	1493	12
3240	277	1494	12
3241	277	1495	12
3242	277	1281	12
3243	277	1282	12
3244	277	1201	12
3245	277	1496	12
3246	277	1199	12
3247	277	473	2
3248	277	1494	2
3249	277	273	12
3250	277	1497	12
3251	277	1497	15
3252	277	1497	12
3253	277	1497	12
3254	277	1497	12
3255	277	1497	15
3256	363	114	12
3257	32	298	2
3258	94	462	15
3259	364	32	2
3260	364	26	2
3261	364	23	2
3262	18	1498	81
3263	18	1499	81
3264	18	392	81
3265	18	1500	81
3266	18	1501	81
3267	48	900	81
3268	48	613	81
3269	10	1052	4
3270	365	1052	82